cv_r0: 3981 3804 3882 3888 3989 3904 3872 3867 3882 3840 3853 3898 3887 3884 3897 3920 3909 3921 3906 3875 3925 3824 3843 3899 3851 3956 3738 
3843 3929 3943 3954 3903 3902 3903 3886 3860 3835 3840 3848 3897 3924 3901 3916 3846 3864 3881 3950 3902 3872 3852 3917 3939 4014 3946 
3902 3909 3912 3911 3869 3876 3864 3882 3853 3837 3882 3883 3885 3897 3897 3881 3869 3884 3915 3917 3882 3843 3844 3927 3914 3887 3965 
3948 3885 3918 3881 3930 3863 3874 3880 3869 3885 3905 3957 3948 3902 3957 3916 3909 3871 3901 3933 3868 3864 3848 3947 3912 3881 3877 
3862 3920 3874 3877 3880 3873 3850 3872 3928 3911 3937 3971 3973 3957 3947 3949 3955 3897 3874 3908 3849 3866 3859 3890 3981 3892 3914 
3888 3918 3928 3931 3920 3866 3870 3865 3951 3956 3992 4006 3983 4007 3991 3974 3950 3958 3965 3919 3881 3877 3900 3914 3953 3903 3807 
3921 3928 3942 3916 3907 3866 3886 3882 3961 4003 4014 4032 4052 4049 4017 3990 4017 4010 3960 3937 3861 3842 3867 3986 3946 3927 3850 
3918 3927 3939 3889 3919 3897 3902 3910 3973 4029 4039 4050 4058 4039 4016 4054 4041 4009 4000 3982 3886 3881 3889 3916 3899 3922 3884 
3846 3937 3863 3886 3893 3909 3895 3938 3995 4025 4078 4075 4043 4062 4067 4059 4042 4036 3964 3957 3941 3869 3893 3886 3943 3991 4038 
3888 3822 3875 3905 3891 3911 3934 3924 3963 4042 4028 4063 4101 4058 4077 4063 4028 4033 3990 3938 3948 3921 3905 3880 3915 3937 3964 
3805 3843 3863 3868 3918 3918 3939 3920 3998 4002 4036 4017 4090 4064 4086 4044 4014 4038 3957 3916 3939 3945 3933 3899 3869 3885 3938 
3858 3863 3860 3860 3908 3890 3949 3942 3980 3991 3993 4011 4055 4066 4084 4066 4037 3996 3957 3929 3911 3917 3933 3889 3906 3914 3892 
3889 3914 3868 3868 3857 3874 3927 3935 3943 4003 3982 4003 4012 4029 4064 4023 3996 3952 3964 3898 3881 3913 3938 3879 3909 3888 3758 
3913 3870 3867 3892 3870 3825 3865 3938 3950 3974 3970 3998 3987 3980 4044 4021 4003 3966 3907 3909 3912 3874 3892 3927 3898 3887 3918 
3875 3911 3892 3961 3844 3852 3894 3924 3960 3939 3954 3975 4000 4053 4023 3984 3976 3933 3958 3920 3904 3948 3914 3989 3972 3904 3835 
3806 3925 3893 3909 3868 3828 3878 3912 3916 3927 3933 3980 4001 3996 3985 3971 3924 3906 3927 3964 3889 3943 3917 3930 3950 3941 3818 
3952 3928 3859 3916 3864 3884 3919 3882 3874 3895 3892 3920 3953 3903 3919 3930 3913 3929 3907 3928 3855 3889 3955 3925 3857 3887 3720 
3916 3939 3834 3878 3903 3944 3869 3941 3863 3877 3909 3925 3916 3876 3921 3922 3932 3911 3922 3910 3878 3890 3832 3914 3884 3880 3897 
3871 3872 3827 3859 3883 3871 3935 3915 3840 3836 3846 3904 3897 3879 3894 3867 3890 3907 3888 3886 3838 3857 3847 3862 3851 3762 3799 
3857 3844 3834 3840 3873 3829 3943 3929 3888 3830 3888 3910 3906 3889 3892 3902 3893 3856 3877 3912 3882 3838 3802 3855 3877 3923 3899 
3942 3834 3867 3789 3901 3823 3853 3916 3981 3847 3865 3898 3929 3898 3936 3823 3900 3831 3893 3921 3848 3839 3818 3763 3903 3845 3765 
*
cv_gr0: 4096 4096 4096 4096 4096 4096 4096 4096 4096 4096 4096 4096 4096 4096 4096 4096 4096 4096 4096 4096 4096 4096 4096 4096 4096 4096 4096 
4096 4096 4096 4096 4096 4096 4096 4096 4096 4096 4096 4096 4096 4096 4096 4096 4096 4096 4096 4096 4096 4096 4096 4096 4096 4096 4096 
4096 4096 4096 4096 4096 4096 4096 4096 4096 4096 4096 4096 4096 4096 4096 4096 4096 4096 4096 4096 4096 4096 4096 4096 4096 4096 4096 
4096 4096 4096 4096 4096 4096 4096 4096 4096 4096 4096 4096 4096 4096 4096 4096 4096 4096 4096 4096 4096 4096 4096 4096 4096 4096 4096 
4096 4096 4096 4096 4096 4096 4096 4096 4096 4096 4096 4096 4096 4096 4096 4096 4096 4096 4096 4096 4096 4096 4096 4096 4096 4096 4096 
4096 4096 4096 4096 4096 4096 4096 4096 4096 4096 4096 4096 4096 4096 4096 4096 4096 4096 4096 4096 4096 4096 4096 4096 4096 4096 4096 
4096 4096 4096 4096 4096 4096 4096 4096 4096 4096 4096 4096 4096 4096 4096 4096 4096 4096 4096 4096 4096 4096 4096 4096 4096 4096 4096 
4096 4096 4096 4096 4096 4096 4096 4096 4096 4096 4096 4096 4096 4096 4096 4096 4096 4096 4096 4096 4096 4096 4096 4096 4096 4096 4096 
4096 4096 4096 4096 4096 4096 4096 4096 4096 4096 4096 4096 4096 4096 4096 4096 4096 4096 4096 4096 4096 4096 4096 4096 4096 4096 4096 
4096 4096 4096 4096 4096 4096 4096 4096 4096 4096 4096 4096 4096 4096 4096 4096 4096 4096 4096 4096 4096 4096 4096 4096 4096 4096 4096 
4096 4096 4096 4096 4096 4096 4096 4096 4096 4096 4096 4096 4096 4096 4096 4096 4096 4096 4096 4096 4096 4096 4096 4096 4096 4096 4096 
4096 4096 4096 4096 4096 4096 4096 4096 4096 4096 4096 4096 4096 4096 4096 4096 4096 4096 4096 4096 4096 4096 4096 4096 4096 4096 4096 
4096 4096 4096 4096 4096 4096 4096 4096 4096 4096 4096 4096 4096 4096 4096 4096 4096 4096 4096 4096 4096 4096 4096 4096 4096 4096 4096 
4096 4096 4096 4096 4096 4096 4096 4096 4096 4096 4096 4096 4096 4096 4096 4096 4096 4096 4096 4096 4096 4096 4096 4096 4096 4096 4096 
4096 4096 4096 4096 4096 4096 4096 4096 4096 4096 4096 4096 4096 4096 4096 4096 4096 4096 4096 4096 4096 4096 4096 4096 4096 4096 4096 
4096 4096 4096 4096 4096 4096 4096 4096 4096 4096 4096 4096 4096 4096 4096 4096 4096 4096 4096 4096 4096 4096 4096 4096 4096 4096 4096 
4096 4096 4096 4096 4096 4096 4096 4096 4096 4096 4096 4096 4096 4096 4096 4096 4096 4096 4096 4096 4096 4096 4096 4096 4096 4096 4096 
4096 4096 4096 4096 4096 4096 4096 4096 4096 4096 4096 4096 4096 4096 4096 4096 4096 4096 4096 4096 4096 4096 4096 4096 4096 4096 4096 
4096 4096 4096 4096 4096 4096 4096 4096 4096 4096 4096 4096 4096 4096 4096 4096 4096 4096 4096 4096 4096 4096 4096 4096 4096 4096 4096 
4096 4096 4096 4096 4096 4096 4096 4096 4096 4096 4096 4096 4096 4096 4096 4096 4096 4096 4096 4096 4096 4096 4096 4096 4096 4096 4096 
4096 4096 4096 4096 4096 4096 4096 4096 4096 4096 4096 4096 4096 4096 4096 4096 4096 4096 4096 4096 4096 4096 4096 4096 4096 4096 4096 
*
cv_gb0: 4096 4096 4096 4096 4096 4096 4096 4096 4096 4096 4096 4096 4096 4096 4096 4096 4096 4096 4096 4096 4096 4096 4096 4096 4096 4096 4096 
4096 4096 4096 4096 4096 4096 4096 4096 4096 4096 4096 4096 4096 4096 4096 4096 4096 4096 4096 4096 4096 4096 4096 4096 4096 4096 4096 
4096 4096 4096 4096 4096 4096 4096 4096 4096 4096 4096 4096 4096 4096 4096 4096 4096 4096 4096 4096 4096 4096 4096 4096 4096 4096 4096 
4096 4096 4096 4096 4096 4096 4096 4096 4096 4096 4096 4096 4096 4096 4096 4096 4096 4096 4096 4096 4096 4096 4096 4096 4096 4096 4096 
4096 4096 4096 4096 4096 4096 4096 4096 4096 4096 4096 4096 4096 4096 4096 4096 4096 4096 4096 4096 4096 4096 4096 4096 4096 4096 4096 
4096 4096 4096 4096 4096 4096 4096 4096 4096 4096 4096 4096 4096 4096 4096 4096 4096 4096 4096 4096 4096 4096 4096 4096 4096 4096 4096 
4096 4096 4096 4096 4096 4096 4096 4096 4096 4096 4096 4096 4096 4096 4096 4096 4096 4096 4096 4096 4096 4096 4096 4096 4096 4096 4096 
4096 4096 4096 4096 4096 4096 4096 4096 4096 4096 4096 4096 4096 4096 4096 4096 4096 4096 4096 4096 4096 4096 4096 4096 4096 4096 4096 
4096 4096 4096 4096 4096 4096 4096 4096 4096 4096 4096 4096 4096 4096 4096 4096 4096 4096 4096 4096 4096 4096 4096 4096 4096 4096 4096 
4096 4096 4096 4096 4096 4096 4096 4096 4096 4096 4096 4096 4096 4096 4096 4096 4096 4096 4096 4096 4096 4096 4096 4096 4096 4096 4096 
4096 4096 4096 4096 4096 4096 4096 4096 4096 4096 4096 4096 4096 4096 4096 4096 4096 4096 4096 4096 4096 4096 4096 4096 4096 4096 4096 
4096 4096 4096 4096 4096 4096 4096 4096 4096 4096 4096 4096 4096 4096 4096 4096 4096 4096 4096 4096 4096 4096 4096 4096 4096 4096 4096 
4096 4096 4096 4096 4096 4096 4096 4096 4096 4096 4096 4096 4096 4096 4096 4096 4096 4096 4096 4096 4096 4096 4096 4096 4096 4096 4096 
4096 4096 4096 4096 4096 4096 4096 4096 4096 4096 4096 4096 4096 4096 4096 4096 4096 4096 4096 4096 4096 4096 4096 4096 4096 4096 4096 
4096 4096 4096 4096 4096 4096 4096 4096 4096 4096 4096 4096 4096 4096 4096 4096 4096 4096 4096 4096 4096 4096 4096 4096 4096 4096 4096 
4096 4096 4096 4096 4096 4096 4096 4096 4096 4096 4096 4096 4096 4096 4096 4096 4096 4096 4096 4096 4096 4096 4096 4096 4096 4096 4096 
4096 4096 4096 4096 4096 4096 4096 4096 4096 4096 4096 4096 4096 4096 4096 4096 4096 4096 4096 4096 4096 4096 4096 4096 4096 4096 4096 
4096 4096 4096 4096 4096 4096 4096 4096 4096 4096 4096 4096 4096 4096 4096 4096 4096 4096 4096 4096 4096 4096 4096 4096 4096 4096 4096 
4096 4096 4096 4096 4096 4096 4096 4096 4096 4096 4096 4096 4096 4096 4096 4096 4096 4096 4096 4096 4096 4096 4096 4096 4096 4096 4096 
4096 4096 4096 4096 4096 4096 4096 4096 4096 4096 4096 4096 4096 4096 4096 4096 4096 4096 4096 4096 4096 4096 4096 4096 4096 4096 4096 
4096 4096 4096 4096 4096 4096 4096 4096 4096 4096 4096 4096 4096 4096 4096 4096 4096 4096 4096 4096 4096 4096 4096 4096 4096 4096 4096 
*
cv_b0: 4181 4040 3989 4053 3997 4044 4071 4115 4104 4101 4118 4101 4177 4051 4095 4118 4019 4078 3995 4090 4199 4072 4071 4004 4016 3984 3950 
4071 3981 4031 4036 4033 4059 4107 4110 4132 4115 4119 4102 4123 4092 4108 4107 4071 4080 4071 4059 4066 4074 4067 4027 4000 4024 3987 
4039 3986 4019 4056 4068 4065 4104 4114 4092 4100 4117 4130 4114 4084 4106 4097 4108 4091 4073 4062 4031 4088 4068 4034 4007 3997 4034 
4011 4049 4068 4088 4082 4044 4065 4055 4036 4066 4075 4084 4088 4083 4093 4076 4081 4117 4114 4099 4058 4076 4014 4010 3984 4057 3993 
3974 4047 4067 4103 4070 4055 4034 4083 4066 4051 4050 4082 4115 4096 4075 4062 4107 4101 4081 4084 4074 4057 4086 4041 4055 4016 4105 
4042 4010 4117 4126 4084 4047 4102 4080 4081 4108 4123 4166 4124 4117 4105 4145 4106 4127 4110 4097 4067 4074 4071 4088 4058 4077 4003 
4095 4055 4069 4089 4063 4059 4062 4061 4071 4097 4118 4099 4109 4109 4131 4135 4099 4079 4077 4085 4056 4035 4043 4097 4083 4084 4010 
4041 4065 4087 4052 4082 4079 4086 4072 4086 4089 4108 4083 4089 4117 4095 4101 4082 4120 4131 4075 4080 4037 4034 4054 4064 4013 4013 
4019 4035 4053 4101 4128 4123 4143 4159 4181 4152 4150 4127 4107 4135 4126 4140 4123 4131 4152 4108 4087 4077 4082 4081 4119 4075 4146 
4100 4044 4078 4102 4123 4129 4125 4101 4134 4138 4106 4127 4139 4133 4110 4123 4134 4117 4120 4098 4119 4132 4070 4078 4070 4097 4179 
4055 4060 4090 4103 4113 4089 4116 4112 4112 4115 4146 4117 4142 4128 4138 4093 4114 4141 4096 4078 4084 4105 4098 4081 4077 4085 4075 
4157 4102 4104 4141 4173 4147 4142 4119 4141 4107 4173 4140 4111 4110 4128 4094 4150 4171 4183 4119 4103 4134 4139 4072 4074 4077 4109 
4136 4112 4137 4148 4135 4116 4136 4129 4099 4161 4128 4144 4141 4129 4136 4157 4167 4141 4123 4129 4142 4146 4140 4088 4089 4105 4199 
4120 4116 4136 4172 4102 4100 4182 4156 4145 4161 4169 4159 4143 4141 4181 4205 4168 4160 4173 4169 4123 4131 4097 4105 4118 4134 4145 
4187 4141 4177 4173 4143 4091 4175 4179 4153 4135 4153 4180 4152 4169 4193 4169 4220 4158 4171 4188 4177 4135 4155 4147 4085 4131 4107 
4198 4199 4166 4163 4159 4091 4190 4173 4188 4142 4173 4163 4165 4167 4177 4174 4153 4105 4135 4167 4145 4121 4100 4152 4139 4124 4163 
4244 4186 4130 4170 4167 4152 4185 4203 4147 4170 4219 4194 4207 4175 4230 4225 4191 4213 4146 4131 4201 4164 4128 4149 4175 4126 4142 
4174 4146 4118 4151 4173 4175 4148 4202 4112 4123 4167 4148 4208 4188 4199 4182 4164 4191 4135 4145 4137 4163 4132 4148 4162 4115 4054 
4263 4086 4173 4148 4200 4080 4151 4179 4171 4159 4133 4152 4162 4202 4176 4155 4189 4116 4171 4130 4135 4094 4081 4134 4113 4019 4089 
4231 4183 4201 4224 4196 4160 4186 4185 4203 4158 4199 4208 4197 4186 4180 4188 4229 4190 4192 4212 4133 4141 4097 4107 4123 4086 4239 
4418 4190 4161 4178 4285 4138 4176 4283 4215 4178 4251 4298 4252 4176 4243 4172 4275 4214 4134 4212 4215 4198 4206 4117 4069 4033 4038 
*
