cv_r0: 15365 14437 12290 10698 9864 9201 8648 8186 7797 7468 7176 6956 6830 6778 6794 6869 6975 7143 7424 7784 8152 8562 9087 9713 10504 11405 11797 
14794 13929 11928 10435 9640 8994 8435 7967 7583 7258 6969 6752 6626 6573 6586 6658 6767 6937 7216 7571 7944 8362 8886 9505 10293 11196 11588 
13206 12518 10928 9717 9036 8437 7859 7374 7003 6691 6410 6197 6073 6018 6023 6087 6201 6380 6651 6996 7382 7823 8342 8941 9726 10636 11032 
11746 11212 9981 9015 8425 7866 7276 6779 6416 6115 5842 5635 5513 5456 5454 5513 5634 5821 6081 6411 6807 7269 7785 8367 9143 10048 10441 
11111 10623 9499 8596 8012 7456 6876 6384 6015 5710 5446 5246 5124 5067 5066 5128 5260 5455 5697 6001 6396 6869 7386 7961 8714 9583 9961 
10801 10316 9199 8288 7677 7112 6553 6073 5693 5380 5122 4930 4808 4751 4753 4821 4962 5163 5388 5667 6057 6534 7054 7629 8356 9181 9539 
10460 9985 8892 7991 7370 6806 6270 5806 5426 5110 4853 4661 4537 4480 4485 4554 4692 4887 5111 5390 5778 6253 6776 7357 8073 8875 9223 
10173 9705 8625 7731 7104 6547 6037 5594 5220 4905 4642 4444 4319 4261 4269 4338 4462 4643 4877 5174 5562 6029 6557 7150 7865 8656 9001 
9972 9517 8467 7584 6944 6381 5883 5449 5076 4762 4498 4301 4181 4126 4131 4194 4312 4489 4727 5031 5421 5888 6418 7012 7723 8504 8844 
9860 9429 8437 7574 6904 6318 5812 5373 4995 4680 4423 4235 4131 4086 4079 4129 4253 4439 4670 4963 5358 5837 6365 6947 7647 8419 8755 
9823 9411 8462 7615 6924 6319 5804 5358 4976 4660 4408 4229 4135 4096 4081 4121 4251 4447 4674 4959 5357 5842 6369 6946 7636 8396 8726 
9855 9441 8491 7645 6961 6361 5847 5401 5016 4699 4452 4273 4171 4125 4112 4157 4289 4487 4722 5016 5405 5875 6411 7010 7692 8423 8741 
9963 9540 8568 7717 7050 6462 5949 5503 5119 4802 4555 4373 4256 4199 4193 4250 4381 4577 4824 5132 5510 5960 6505 7130 7810 8518 8826 
10163 9733 8743 7888 7233 6647 6117 5661 5286 4976 4722 4531 4406 4346 4350 4416 4540 4727 4981 5300 5677 6120 6661 7285 7980 8715 9035 
10449 10012 9003 8141 7498 6908 6348 5876 5518 5218 4951 4746 4617 4558 4574 4651 4764 4936 5192 5522 5904 6350 6877 7481 8205 9005 9353 
10770 10327 9306 8441 7808 7221 6648 6168 5812 5515 5246 5037 4900 4835 4858 4943 5057 5226 5484 5814 6195 6636 7154 7749 8501 9357 9729 
10941 10529 9581 8765 8148 7573 7013 6536 6164 5857 5605 5408 5253 5171 5194 5288 5419 5605 5862 6181 6545 6967 7479 8080 8858 9756 10146 
11733 11244 10115 9196 8580 8015 7464 6986 6595 6275 6032 5842 5678 5584 5605 5703 5846 6045 6299 6609 6967 7387 7903 8516 9322 10261 10669 
14121 13272 11309 9899 9248 8685 8113 7619 7213 6879 6615 6412 6258 6176 6194 6283 6419 6610 6858 7168 7555 8020 8565 9198 10042 11031 11460 
16813 15544 12600 10612 9917 9352 8752 8240 7822 7474 7180 6960 6822 6759 6773 6850 6972 7150 7390 7703 8130 8652 9231 9885 10765 11799 12248 
17772 16354 13065 10873 10163 9598 8988 8470 8047 7693 7390 7164 7031 6974 6987 7061 7178 7351 7589 7903 8343 8885 9476 10138 11031 12082 12538 
*
cv_gr0: 13404 12543 10548 9112 8433 7908 7471 7112 6817 6578 6390 6249 6151 6097 6087 6124 6215 6357 6556 6807 7088 7419 7847 8371 9105 9988 10371 
12877 12084 10247 8912 8260 7747 7309 6950 6659 6423 6237 6097 6001 5949 5938 5975 6067 6211 6405 6648 6928 7261 7680 8189 8909 9777 10154 
11410 10808 9416 8367 7792 7309 6870 6508 6229 6004 5823 5687 5596 5548 5536 5571 5669 5816 5995 6216 6495 6832 7227 7693 8374 9206 9567 
10068 9633 8630 7830 7321 6866 6430 6070 5801 5585 5406 5271 5182 5136 5126 5163 5265 5415 5580 5783 6059 6398 6773 7205 7843 8628 8968 
9507 9120 8228 7498 7002 6559 6142 5793 5526 5307 5124 4984 4886 4835 4834 4882 4988 5137 5297 5491 5763 6099 6474 6905 7505 8223 8534 
9251 8866 7979 7250 6749 6310 5914 5580 5313 5089 4898 4749 4641 4584 4593 4654 4762 4909 5068 5261 5529 5860 6242 6681 7247 7899 8182 
8945 8580 7739 7037 6537 6099 5710 5382 5122 4900 4701 4544 4437 4383 4394 4457 4563 4708 4870 5070 5341 5673 6051 6481 7029 7656 7928 
8676 8333 7544 6872 6372 5932 5540 5213 4963 4748 4539 4375 4277 4232 4240 4297 4397 4538 4710 4924 5203 5539 5907 6318 6861 7491 7765 
8509 8177 7413 6757 6262 5823 5431 5104 4855 4640 4428 4265 4173 4134 4138 4188 4284 4424 4602 4825 5110 5448 5809 6208 6745 7375 7649 
8456 8121 7349 6693 6208 5778 5391 5062 4800 4576 4371 4216 4131 4095 4092 4134 4227 4367 4548 4776 5063 5400 5759 6151 6681 7303 7573 
8473 8131 7342 6680 6200 5776 5394 5065 4790 4559 4361 4215 4133 4096 4088 4123 4216 4358 4542 4771 5058 5395 5753 6146 6672 7287 7554 
8534 8188 7392 6719 6227 5798 5423 5099 4822 4589 4398 4254 4166 4122 4111 4146 4245 4395 4581 4812 5095 5428 5792 6196 6723 7330 7594 
8659 8306 7494 6807 6301 5865 5494 5174 4898 4667 4480 4337 4241 4189 4176 4214 4320 4478 4667 4895 5175 5503 5874 6293 6825 7432 7696 
8863 8491 7635 6928 6437 6008 5625 5296 5021 4792 4605 4463 4367 4315 4305 4345 4452 4610 4795 5018 5294 5620 5991 6413 6962 7596 7872 
9142 8742 7819 7089 6633 6219 5812 5464 5189 4963 4774 4633 4542 4496 4491 4534 4638 4790 4967 5182 5455 5781 6147 6565 7140 7822 8118 
9442 9032 8085 7340 6880 6460 6042 5686 5408 5181 4995 4856 4763 4717 4715 4762 4865 5014 5185 5394 5670 6003 6370 6787 7386 8111 8426 
9613 9247 8404 7692 7171 6713 6306 5959 5672 5441 5267 5135 5030 4972 4973 5026 5131 5278 5445 5651 5938 6289 6660 7076 7693 8450 8779 
10287 9871 8910 8106 7529 7041 6637 6292 5997 5760 5591 5463 5348 5280 5282 5338 5443 5591 5760 5972 6268 6632 7021 7458 8105 8897 9241 
12264 11539 9859 8639 8046 7564 7129 6764 6462 6219 6037 5898 5785 5719 5716 5766 5867 6017 6205 6442 6740 7102 7537 8052 8760 9604 9970 
14485 13392 10857 9149 8556 8092 7619 7227 6919 6670 6470 6318 6210 6150 6139 6180 6277 6429 6641 6907 7205 7560 8047 8650 9425 10317 10705 
15277 14055 11219 9339 8745 8286 7799 7399 7089 6837 6631 6475 6368 6310 6296 6334 6429 6582 6802 7079 7377 7730 8235 8870 9668 10579 10974 
*
cv_gb0: 13404 12542 10548 9112 8436 7912 7475 7110 6796 6542 6345 6200 6098 6046 6044 6090 6179 6313 6485 6706 6991 7346 7810 8374 9085 9896 10249 
12878 12084 10248 8912 8256 7742 7309 6948 6643 6393 6197 6051 5954 5905 5903 5947 6033 6164 6338 6563 6845 7192 7640 8181 8880 9687 10038 
11416 10814 9423 8366 7769 7279 6858 6509 6226 5992 5794 5649 5565 5528 5525 5561 5637 5758 5941 6176 6450 6775 7174 7651 8320 9121 9469 
10068 9634 8633 7823 7284 6820 6412 6072 5806 5583 5385 5239 5165 5136 5132 5164 5234 5352 5539 5780 6048 6356 6718 7143 7774 8550 8886 
9470 9085 8198 7470 6970 6530 6132 5794 5522 5294 5098 4952 4873 4839 4835 4871 4955 5085 5266 5495 5764 6078 6443 6866 7454 8156 8461 
9174 8792 7912 7200 6728 6308 5917 5578 5295 5059 4863 4717 4628 4586 4582 4626 4726 4873 5046 5259 5531 5858 6240 6678 7225 7844 8113 
8879 8513 7668 6981 6520 6106 5717 5380 5102 4868 4668 4517 4423 4379 4379 4427 4529 4676 4852 5068 5341 5669 6051 6489 7017 7603 7858 
8657 8304 7491 6820 6355 5937 5544 5211 4950 4725 4517 4356 4261 4218 4224 4276 4368 4506 4691 4922 5197 5517 5892 6320 6847 7436 7692 
8516 8172 7379 6717 6247 5826 5434 5103 4847 4626 4413 4250 4158 4119 4125 4175 4262 4393 4584 4824 5099 5416 5785 6206 6733 7328 7587 
8462 8120 7335 6675 6200 5777 5390 5060 4796 4570 4359 4201 4120 4089 4088 4128 4212 4343 4534 4775 5051 5366 5731 6147 6678 7286 7550 
8473 8131 7342 6680 6200 5776 5394 5065 4791 4558 4351 4199 4124 4096 4090 4123 4208 4343 4532 4771 5047 5364 5728 6141 6675 7288 7554 
8540 8192 7392 6721 6239 5816 5441 5113 4829 4589 4388 4239 4155 4118 4110 4147 4242 4388 4577 4812 5089 5410 5777 6192 6715 7309 7567 
8664 8309 7491 6808 6323 5900 5529 5202 4911 4666 4469 4322 4225 4175 4169 4214 4321 4478 4666 4895 5174 5500 5872 6293 6807 7381 7631 
8834 8473 7641 6947 6453 6023 5649 5321 5033 4790 4592 4443 4343 4293 4293 4345 4452 4607 4793 5018 5295 5622 6001 6433 6963 7556 7813 
9052 8687 7844 7138 6629 6188 5804 5474 5197 4961 4758 4604 4508 4465 4475 4533 4634 4778 4958 5181 5454 5779 6166 6615 7179 7818 8096 
9338 8967 8114 7394 6867 6411 6020 5686 5412 5179 4976 4823 4728 4687 4701 4761 4860 4999 5174 5394 5669 6000 6390 6844 7438 8126 8425 
9546 9202 8409 7713 7162 6689 6295 5958 5675 5439 5248 5103 5005 4958 4967 5026 5128 5271 5442 5655 5940 6287 6671 7108 7723 8460 8780 
10287 9871 8910 8106 7529 7041 6637 6292 5999 5758 5571 5431 5331 5280 5284 5338 5443 5591 5760 5972 6268 6632 7021 7458 8105 8897 9241 
12375 11632 9914 8665 8057 7566 7129 6764 6464 6217 6012 5860 5766 5722 5719 5766 5869 6019 6194 6416 6723 7101 7527 8018 8730 9596 9972 
14711 13588 10983 9215 8577 8088 7615 7228 6923 6668 6440 6272 6186 6151 6143 6180 6280 6431 6616 6851 7166 7557 8027 8584 9365 10303 10710 
15545 14288 11369 9418 8769 8280 7795 7399 7092 6835 6599 6426 6342 6310 6300 6334 6433 6585 6772 7012 7330 7727 8211 8792 9598 10562 10981 
*
cv_b0: 13828 12921 10822 9311 8602 8033 7522 7104 6774 6525 6362 6249 6162 6110 6081 6101 6209 6373 6542 6755 7070 7472 7941 8492 9278 10229 10641 
13278 12439 10496 9083 8394 7838 7342 6939 6624 6384 6217 6100 6017 5969 5946 5969 6073 6230 6396 6604 6911 7302 7758 8294 9055 9973 10372 
11752 11102 9600 8462 7825 7302 6850 6487 6218 6004 5826 5697 5624 5591 5582 5614 5707 5844 5997 6191 6475 6835 7257 7752 8445 9274 9634 
10339 9855 8740 7847 7268 6783 6372 6044 5812 5618 5429 5288 5222 5200 5203 5243 5328 5450 5597 5786 6050 6382 6768 7220 7845 8591 8915 
9696 9261 8258 7454 6931 6485 6094 5776 5544 5347 5154 5009 4937 4912 4915 4957 5044 5172 5336 5543 5805 6119 6477 6890 7476 8181 8488 
9361 8931 7938 7161 6687 6276 5896 5578 5333 5124 4929 4781 4700 4666 4665 4708 4800 4940 5128 5360 5626 5929 6265 6647 7205 7886 8181 
9022 8614 7673 6935 6481 6084 5715 5400 5147 4929 4728 4575 4490 4454 4454 4500 4594 4737 4935 5179 5444 5738 6071 6450 6988 7636 7917 
8753 8371 7489 6782 6325 5927 5566 5255 4995 4768 4557 4398 4312 4278 4283 4332 4426 4567 4768 5015 5275 5565 5910 6309 6835 7448 7714 
8577 8210 7366 6679 6215 5814 5459 5150 4885 4652 4440 4279 4193 4160 4168 4219 4314 4456 4656 4902 5163 5454 5806 6214 6732 7321 7578 
8495 8136 7308 6625 6150 5743 5395 5088 4817 4582 4377 4223 4139 4106 4112 4164 4262 4407 4604 4846 5113 5414 5766 6168 6677 7256 7508 
8494 8133 7299 6610 6129 5719 5373 5068 4793 4559 4361 4215 4131 4096 4102 4154 4256 4405 4599 4836 5107 5416 5768 6165 6672 7250 7501 
8569 8191 7321 6615 6143 5739 5391 5085 4814 4583 4391 4246 4159 4120 4125 4179 4288 4444 4637 4870 5139 5447 5802 6205 6720 7307 7562 
8716 8317 7395 6665 6205 5810 5456 5147 4880 4655 4466 4323 4231 4189 4193 4248 4363 4527 4720 4948 5211 5513 5871 6284 6813 7418 7681 
8920 8505 7546 6796 6339 5943 5581 5266 4995 4768 4585 4448 4359 4316 4315 4365 4486 4655 4846 5067 5320 5612 5967 6384 6928 7557 7831 
9185 8757 7770 7001 6538 6135 5764 5439 5157 4925 4749 4620 4539 4499 4490 4531 4654 4829 5016 5228 5468 5744 6092 6510 7073 7735 8023 
9513 9079 8076 7286 6793 6367 5981 5647 5361 5129 4959 4837 4756 4715 4702 4739 4862 5036 5216 5421 5660 5941 6295 6723 7321 8037 8347 
9753 9351 8424 7651 7099 6625 6220 5880 5600 5378 5217 5098 5009 4959 4947 4986 5105 5272 5437 5629 5886 6202 6575 7019 7671 8471 8817 
10543 10073 8988 8098 7484 6968 6535 6180 5901 5681 5520 5399 5303 5248 5243 5290 5402 5559 5719 5911 6187 6535 6940 7421 8135 9015 9396 
12731 11930 10077 8725 8057 7518 7040 6650 6348 6110 5927 5792 5694 5646 5662 5728 5831 5975 6154 6379 6668 7026 7487 8054 8840 9781 10189 
15174 13985 11226 9339 8628 8077 7550 7122 6792 6530 6320 6168 6069 6032 6072 6159 6253 6384 6590 6856 7154 7514 8035 8695 9548 10535 10964 
16047 14720 11643 9567 8838 8281 7737 7295 6956 6686 6466 6308 6209 6175 6224 6319 6409 6535 6750 7031 7332 7694 8236 8931 9809 10814 11251 
*
