cv_r0: 12656 12158 11008 10070 9435 8872 8348 7922 7616 7368 7142 6980 6900 6891 6952 7076 7245 7476 7801 8193 8579 9015 9686 10526 11381 12232 12604 
12376 11892 10774 9850 9206 8642 8136 7720 7409 7155 6928 6767 6691 6683 6740 6858 7026 7258 7583 7978 8373 8819 9476 10289 11136 11995 12370 
11612 11167 10141 9258 8581 8014 7560 7176 6850 6578 6348 6188 6123 6122 6164 6265 6429 6664 6995 7397 7819 8292 8909 9643 10471 11354 11738 
10863 10451 9501 8654 7961 7395 6982 6620 6279 5992 5763 5607 5549 5552 5583 5670 5832 6068 6394 6796 7243 7748 8336 9003 9810 10707 11097 
10426 10012 9061 8227 7566 7018 6597 6225 5871 5581 5366 5224 5161 5158 5189 5277 5439 5670 5970 6343 6807 7350 7943 8594 9384 10260 10642 
10098 9676 8705 7879 7263 6735 6291 5897 5535 5245 5048 4918 4848 4835 4871 4965 5128 5353 5622 5962 6437 7016 7627 8285 9062 9909 10278 
9739 9334 8402 7600 6992 6464 6013 5615 5255 4969 4772 4642 4566 4548 4587 4687 4852 5078 5343 5678 6156 6742 7366 8039 8818 9655 10020 
9387 9015 8159 7394 6768 6227 5777 5385 5037 4756 4550 4408 4326 4307 4350 4455 4624 4854 5134 5485 5957 6529 7164 7864 8655 9496 9862 
9156 8804 7996 7255 6624 6078 5625 5233 4887 4607 4399 4255 4172 4152 4194 4299 4468 4700 4990 5351 5818 6377 7011 7717 8516 9367 9738 
9067 8719 7919 7188 6571 6028 5568 5165 4808 4522 4322 4188 4112 4095 4129 4224 4388 4618 4909 5273 5735 6284 6898 7579 8381 9254 9635 
9052 8703 7900 7174 6571 6034 5568 5157 4794 4506 4312 4184 4112 4096 4126 4214 4372 4599 4894 5263 5719 6254 6852 7516 8318 9205 9591 
9068 8717 7910 7187 6595 6068 5602 5196 4848 4568 4364 4226 4151 4135 4171 4265 4417 4636 4946 5333 5776 6286 6887 7571 8371 9244 9623 
9157 8802 7984 7258 6673 6152 5690 5292 4963 4694 4478 4326 4245 4227 4271 4374 4523 4738 5062 5465 5897 6385 6996 7707 8507 9356 9727 
9377 9014 8179 7438 6841 6313 5848 5452 5127 4862 4649 4496 4407 4383 4425 4531 4692 4919 5237 5628 6063 6560 7179 7897 8698 9543 9912 
9712 9339 8479 7713 7090 6544 6074 5674 5343 5077 4877 4733 4636 4600 4634 4739 4923 5176 5473 5832 6278 6809 7435 8147 8950 9804 10176 
10108 9719 8825 8032 7394 6841 6374 5975 5636 5363 5160 5016 4922 4888 4917 5018 5220 5491 5783 6129 6586 7136 7755 8445 9249 10120 10499 
10535 10127 9190 8376 7745 7203 6751 6358 6012 5724 5493 5333 5258 5247 5273 5370 5579 5864 6170 6530 6996 7547 8137 8779 9571 10458 10844 
11109 10675 9675 8821 8178 7635 7196 6808 6451 6150 5903 5735 5675 5680 5704 5796 6010 6304 6627 7005 7474 8017 8587 9203 10013 10950 11357 
12057 11576 10470 9525 8812 8230 7792 7404 7028 6720 6498 6352 6287 6282 6301 6390 6607 6907 7243 7633 8090 8612 9195 9854 10757 11826 12290 
13022 12494 11278 10235 9439 8808 8368 7978 7582 7271 7085 6968 6893 6870 6883 6971 7188 7492 7839 8238 8678 9176 9784 10505 11518 12734 13261 
13375 12830 11574 10495 9671 9023 8582 8192 7789 7476 7302 7195 7117 7088 7099 7186 7404 7709 8060 8464 8897 9387 10003 10745 11796 13064 13614 
*
cv_gr0: 11171 10732 9721 8867 8237 7723 7327 7004 6739 6533 6385 6285 6225 6210 6248 6333 6459 6629 6838 7099 7437 7856 8396 9048 9852 10757 11151 
10921 10490 9499 8663 8050 7551 7169 6854 6591 6384 6233 6131 6072 6059 6094 6176 6303 6475 6685 6946 7281 7694 8219 8849 9636 10529 10918 
10246 9837 8894 8106 7539 7082 6740 6450 6193 5983 5823 5715 5661 5653 5680 5753 5881 6057 6269 6530 6858 7256 7740 8309 9052 9913 10287 
9557 9173 8288 7554 7035 6617 6305 6034 5781 5571 5404 5289 5238 5232 5253 5320 5451 5633 5847 6107 6429 6812 7257 7771 8467 9289 9645 
9061 8704 7881 7200 6721 6322 6003 5726 5479 5273 5107 4989 4931 4920 4941 5011 5149 5339 5556 5813 6130 6502 6930 7421 8079 8852 9188 
8658 8327 7565 6932 6485 6097 5758 5468 5224 5022 4858 4740 4673 4654 4678 4755 4901 5098 5317 5573 5886 6252 6672 7152 7779 8505 8820 
8368 8053 7327 6720 6284 5899 5556 5259 5012 4807 4641 4521 4453 4434 4462 4543 4688 4882 5103 5365 5684 6055 6469 6933 7544 8252 8559 
8184 7877 7169 6569 6128 5740 5399 5101 4845 4632 4460 4338 4273 4259 4294 4379 4515 4699 4924 5195 5528 5913 6323 6773 7379 8091 8399 
8054 7750 7051 6457 6016 5629 5289 4991 4731 4514 4339 4216 4156 4146 4180 4262 4393 4574 4802 5081 5420 5812 6223 6670 7272 7976 8281 
7975 7670 6969 6377 5946 5565 5226 4930 4674 4460 4284 4162 4107 4100 4122 4190 4323 4509 4742 5025 5362 5750 6170 6631 7225 7904 8199 
7949 7644 6942 6352 5927 5550 5208 4911 4660 4450 4275 4153 4102 4096 4109 4168 4302 4495 4731 5016 5348 5729 6156 6632 7220 7881 8169 
7969 7671 6985 6402 5970 5584 5232 4928 4675 4467 4296 4176 4123 4115 4132 4196 4332 4524 4762 5047 5375 5748 6174 6652 7241 7901 8188 
8046 7755 7083 6504 6063 5666 5301 4988 4735 4528 4361 4245 4186 4175 4200 4274 4411 4602 4840 5125 5447 5812 6233 6709 7305 7977 8269 
8198 7898 7209 6622 6187 5792 5421 5107 4859 4657 4493 4375 4310 4293 4322 4403 4541 4731 4968 5250 5567 5926 6343 6821 7431 8129 8432 
8421 8103 7370 6766 6347 5964 5592 5280 5042 4848 4684 4563 4488 4464 4496 4581 4720 4911 5145 5423 5735 6089 6504 6982 7615 8353 8673 
8752 8412 7628 6991 6567 6182 5814 5504 5267 5074 4912 4793 4716 4689 4722 4809 4947 5134 5364 5638 5951 6309 6728 7214 7879 8668 9010 
9187 8822 7981 7298 6841 6442 6084 5779 5529 5327 5174 5064 4992 4969 5004 5090 5221 5399 5621 5890 6209 6582 7012 7510 8218 9072 9443 
9753 9357 8443 7699 7195 6770 6414 6109 5845 5636 5488 5385 5317 5296 5332 5416 5542 5713 5932 6201 6530 6921 7373 7900 8658 9579 9978 
10607 10164 9141 8305 7732 7259 6880 6562 6293 6081 5931 5827 5752 5726 5760 5845 5972 6146 6374 6657 6998 7407 7907 8503 9328 10312 10739 
11463 10973 9842 8913 8269 7746 7337 7003 6732 6520 6366 6255 6172 6138 6171 6258 6387 6567 6807 7107 7461 7886 8437 9110 9999 11037 11488 
11778 11270 10099 9136 8467 7925 7506 7167 6894 6682 6526 6414 6328 6292 6324 6411 6541 6723 6968 7274 7632 8063 8633 9333 10245 11305 11765 
*
cv_gb0: 11087 10655 9658 8830 8243 7756 7364 7040 6779 6566 6388 6268 6225 6228 6250 6314 6435 6610 6845 7134 7454 7831 8355 9002 9791 10675 11059 
10839 10415 9437 8629 8064 7591 7203 6881 6621 6409 6235 6117 6072 6074 6099 6166 6287 6460 6689 6972 7292 7671 8180 8805 9583 10465 10849 
10165 9763 8834 8081 7578 7146 6768 6450 6193 5985 5821 5709 5661 5661 5693 5768 5888 6054 6267 6532 6853 7237 7708 8266 9017 9902 10286 
9491 9113 8239 7541 7090 6694 6326 6013 5759 5555 5397 5290 5237 5232 5271 5352 5473 5635 5839 6092 6413 6797 7233 7736 8454 9322 9699 
9044 8689 7871 7208 6767 6376 6015 5709 5461 5260 5097 4983 4921 4909 4948 5033 5158 5327 5543 5807 6121 6488 6915 7411 8090 8896 9245 
8696 8364 7596 6960 6511 6117 5763 5463 5220 5019 4849 4725 4655 4637 4673 4758 4889 5067 5302 5583 5890 6237 6666 7171 7811 8541 8859 
8422 8100 7360 6739 6293 5904 5563 5269 5021 4812 4635 4508 4443 4429 4460 4541 4672 4854 5094 5381 5691 6040 6467 6965 7580 8271 8571 
8225 7907 7174 6560 6120 5741 5417 5129 4866 4644 4461 4334 4283 4282 4307 4376 4506 4689 4925 5211 5532 5898 6323 6806 7406 8080 8374 
8089 7774 7048 6443 6013 5638 5313 5021 4754 4528 4343 4217 4173 4177 4200 4265 4393 4576 4812 5099 5426 5797 6219 6694 7287 7957 8248 
8013 7702 6986 6393 5979 5604 5249 4940 4682 4466 4286 4162 4114 4115 4140 4209 4337 4519 4760 5053 5375 5737 6155 6629 7227 7906 8201 
7998 7689 6975 6388 5986 5609 5232 4909 4657 4450 4275 4153 4100 4096 4125 4200 4329 4511 4754 5048 5365 5718 6135 6612 7217 7905 8204 
8048 7734 7011 6416 6008 5631 5263 4944 4684 4471 4301 4183 4126 4119 4151 4231 4364 4548 4785 5069 5381 5733 6157 6647 7252 7931 8227 
8160 7838 7097 6488 6068 5691 5340 5031 4761 4541 4374 4259 4199 4189 4223 4307 4446 4633 4861 5131 5439 5793 6226 6729 7336 8009 8301 
8333 8001 7234 6610 6190 5813 5461 5154 4892 4677 4509 4392 4328 4314 4347 4431 4574 4765 4987 5250 5560 5920 6351 6850 7469 8168 8472 
8568 8222 7423 6782 6368 5992 5627 5317 5075 4875 4703 4578 4510 4493 4521 4602 4748 4944 5164 5423 5739 6109 6531 7012 7653 8402 8727 
8869 8508 7677 7015 6595 6215 5846 5535 5300 5106 4936 4811 4742 4722 4745 4822 4968 5166 5384 5641 5959 6334 6761 7248 7915 8705 9047 
9206 8835 7977 7294 6861 6477 6117 5810 5561 5360 5202 5090 5022 5000 5019 5090 5232 5427 5644 5900 6212 6582 7030 7557 8253 9064 9416 
9703 9310 8402 7676 7208 6806 6448 6141 5877 5668 5520 5417 5351 5328 5346 5416 5554 5744 5961 6220 6532 6905 7378 7946 8683 9535 9906 
10593 10150 9127 8301 7751 7293 6913 6594 6325 6113 5963 5860 5793 5771 5799 5877 6013 6198 6417 6683 7015 7416 7913 8509 9318 10275 10690 
11516 11019 9873 8937 8298 7778 7369 7035 6764 6552 6396 6288 6218 6199 6239 6329 6463 6643 6865 7141 7496 7930 8450 9067 9951 11020 11484 
11853 11336 10145 9170 8499 7957 7538 7199 6926 6714 6556 6447 6377 6358 6402 6497 6630 6808 7031 7310 7674 8120 8647 9273 10184 11294 11776 
*
cv_b0: 11327 10816 9637 8700 8102 7604 7177 6845 6619 6455 6343 6255 6151 6095 6142 6245 6366 6528 6747 7030 7408 7865 8343 8880 9741 10831 11303 
11018 10526 9389 8489 7920 7441 7025 6700 6479 6313 6190 6095 5999 5952 6001 6105 6225 6385 6601 6877 7244 7688 8154 8679 9513 10566 11022 
10173 9731 8710 7911 7422 7001 6615 6308 6100 5932 5777 5660 5585 5566 5624 5730 5848 6001 6206 6465 6800 7203 7636 8128 8889 9838 10249 
9350 8959 8056 7352 6928 6555 6198 5910 5711 5540 5359 5225 5167 5168 5230 5335 5454 5604 5801 6046 6356 6725 7128 7589 8280 9134 9505 
8866 8510 7688 7032 6610 6243 5905 5630 5432 5259 5078 4942 4881 4877 4929 5027 5151 5312 5512 5757 6064 6427 6817 7257 7919 8737 9092 
8522 8193 7437 6810 6369 5992 5669 5402 5198 5022 4849 4718 4649 4632 4670 4757 4890 5066 5273 5523 5836 6204 6589 7018 7663 8460 8806 
8227 7921 7217 6619 6174 5796 5483 5217 4996 4808 4638 4513 4446 4429 4461 4542 4679 4863 5075 5328 5643 6011 6403 6837 7453 8195 8517 
8003 7714 7049 6474 6031 5655 5349 5078 4831 4622 4454 4336 4279 4270 4300 4378 4517 4705 4920 5176 5491 5860 6267 6720 7302 7968 8258 
7852 7574 6934 6375 5938 5563 5258 4981 4716 4496 4330 4218 4167 4162 4189 4263 4402 4591 4811 5071 5385 5748 6159 6620 7185 7817 8091 
7772 7499 6873 6327 5899 5527 5212 4927 4655 4431 4269 4162 4113 4109 4133 4202 4335 4520 4746 5014 5322 5672 6072 6523 7096 7749 8032 
7764 7490 6860 6313 5893 5522 5201 4910 4640 4418 4259 4154 4103 4096 4117 4184 4313 4496 4728 5004 5307 5645 6034 6478 7060 7733 8026 
7837 7549 6885 6318 5892 5523 5207 4925 4669 4458 4297 4185 4123 4107 4129 4200 4331 4517 4758 5045 5345 5676 6068 6518 7090 7741 8024 
7976 7668 6959 6363 5929 5559 5250 4982 4744 4544 4381 4261 4186 4160 4184 4261 4396 4587 4835 5128 5428 5755 6154 6615 7179 7810 8084 
8147 7830 7098 6486 6046 5673 5363 5096 4861 4663 4502 4383 4308 4281 4309 4389 4526 4715 4955 5239 5535 5864 6266 6735 7325 7995 8287 
8362 8040 7297 6677 6232 5854 5538 5263 5021 4820 4662 4549 4483 4465 4496 4578 4715 4898 5120 5380 5673 6007 6411 6887 7528 8284 8612 
8688 8348 7565 6916 6462 6074 5745 5462 5218 5018 4861 4752 4693 4683 4722 4808 4941 5117 5326 5574 5867 6210 6623 7112 7799 8623 8981 
9118 8744 7882 7183 6717 6319 5973 5682 5445 5251 5092 4982 4931 4930 4981 5076 5201 5364 5567 5814 6113 6467 6894 7401 8119 8982 9357 
9693 9281 8331 7567 7065 6640 6271 5968 5731 5540 5382 5274 5227 5232 5287 5383 5507 5667 5872 6125 6437 6811 7263 7801 8564 9483 9882 
10592 10139 9095 8237 7643 7149 6745 6417 6161 5963 5815 5717 5671 5670 5705 5785 5922 6109 6328 6597 6940 7358 7858 8454 9307 10341 10790 
11501 11010 9881 8929 8233 7663 7223 6869 6590 6381 6245 6159 6112 6102 6109 6168 6324 6545 6783 7069 7447 7911 8463 9119 10068 11223 11723 
11834 11330 10168 9182 8448 7852 7398 7035 6748 6536 6403 6322 6275 6262 6259 6310 6474 6706 6950 7243 7633 8114 8685 9363 10346 11545 12064 
*
