# Exposure: 2110 Aperture: 256 Analogue_gain: 257 Digital_gain: 232

name: BROADCOM

isp_bits_per_pixel: 13

FRAME
   width: 3264
   height: 2448
   bayer_order: RGGB
   bayer_enable:
      image_input
      black_level
      lens_shading
      denoise
      *
   ycbcr_enable:
      *
END

BLACK_LEVEL
   top: 0
   bottom: 0
   left: 0
   right: 0
   dark_frame_multiplier: 0
   threshold: 128
   abscissae_r: 0 66 1023 65535 *
   ordinates_r: 0 0 8191 8191 *
   abscissae_gr: 0 67 1023 65535 *
   ordinates_gr: 0 0 8191 8191 *
   abscissae_gb: 0 67 1023 65535 *
   ordinates_gb: 0 0 8191 8191 *
   abscissae_b: 0 66 1023 65535 *
   ordinates_b: 0 0 8191 8191 *
END

IMAGE_INPUT
   stride: 4128
   format: RAW10
END

LENS_SHADING
   cell_sz_power_x: 7
   cell_sz_power_y: 7
   pitch: 27
   vpitch: 21
   cv_r:
      14144 11616 10048 9152 8656 8224 7792 7408 7104 6880 6640 6480 6464 6464 6496 6608 6752 6896 7104 7376 7728 8224 8704 9360 10304 11584 13120
      12080 10368 9248 8560 8128 7712 7312 6912 6608 6352 6160 6032 5936 5936 5968 6080 6224 6400 6640 6928 7280 7712 8176 8752 9488 10480 11616
      10736 9536 8688 8112 7680 7264 6880 6480 6144 5920 5728 5616 5520 5488 5536 5632 5776 5984 6240 6512 6880 7296 7744 8256 8896 9696 10560
      9936 9024 8288 7744 7280 6864 6480 6112 5776 5536 5376 5232 5136 5136 5152 5264 5408 5600 5856 6144 6480 6912 7328 7840 8448 9152 9872
      9408 8656 7984 7440 6944 6496 6112 5728 5440 5216 5056 4896 4816 4800 4832 4928 5072 5264 5488 5760 6112 6512 6976 7504 8080 8736 9392
      9168 8464 7792 7232 6688 6224 5824 5488 5200 4976 4800 4656 4576 4576 4592 4688 4800 4992 5216 5504 5808 6240 6704 7264 7872 8512 9152
      8912 8208 7552 6992 6496 6048 5648 5280 4992 4752 4576 4448 4384 4352 4400 4464 4592 4768 4992 5264 5600 6000 6496 7040 7632 8304 8880
      8736 8032 7392 6832 6336 5888 5488 5120 4848 4608 4448 4304 4240 4208 4224 4320 4448 4608 4848 5104 5456 5872 6336 6896 7504 8128 8720
      8640 7936 7296 6720 6224 5776 5392 5040 4736 4496 4352 4224 4128 4112 4144 4224 4352 4512 4736 5024 5344 5776 6240 6784 7376 8048 8640
      8560 7904 7264 6656 6144 5680 5328 4976 4672 4432 4288 4176 4112 4096 4128 4208 4320 4464 4704 4976 5296 5712 6160 6688 7280 7936 8624
      8592 7936 7296 6688 6144 5680 5328 4992 4688 4464 4304 4176 4096 4112 4128 4224 4352 4496 4720 4976 5328 5728 6176 6672 7264 7952 8672
      8608 7952 7312 6704 6160 5712 5376 5024 4736 4496 4336 4224 4144 4128 4144 4224 4368 4544 4768 5008 5328 5760 6192 6688 7280 7968 8720
      8736 8048 7392 6800 6256 5840 5472 5136 4848 4592 4432 4304 4240 4224 4224 4304 4464 4640 4832 5120 5440 5840 6288 6768 7376 8064 8848
      8896 8224 7552 6960 6432 5968 5616 5280 4976 4752 4576 4448 4384 4384 4400 4480 4608 4784 4992 5264 5584 6016 6448 6976 7568 8240 8960
      9168 8448 7776 7184 6656 6224 5840 5472 5184 4976 4768 4672 4576 4560 4608 4704 4832 4976 5200 5456 5792 6224 6688 7248 7824 8480 9168
      9440 8624 7968 7408 6912 6464 6064 5696 5408 5200 5024 4896 4800 4800 4800 4912 5056 5200 5424 5680 6016 6496 6944 7488 8080 8720 9456
      9888 8960 8240 7696 7248 6784 6352 5968 5696 5504 5328 5216 5104 5088 5088 5184 5328 5488 5712 5984 6352 6816 7296 7808 8416 9088 9904
      10560 9440 8624 8048 7584 7136 6720 6352 6080 5872 5696 5552 5472 5440 5424 5520 5648 5856 6080 6384 6752 7232 7680 8176 8784 9584 10560
      11488 10112 9120 8464 7984 7536 7168 6784 6512 6272 6080 5936 5888 5840 5840 5920 6064 6256 6512 6784 7152 7648 8064 8560 9248 10208 11456
      12864 11120 9888 9040 8432 8016 7680 7360 7040 6768 6544 6416 6368 6368 6352 6400 6608 6832 7040 7296 7664 8128 8528 9072 9872 11088 12736
      13808 11760 10224 9184 8448 8064 7872 7584 7248 6944 6720 6592 6576 6608 6576 6624 6832 7056 7232 7440 7744 8144 8512 9088 10016 11488 12688
   *
   cv_gr:
      12144 9984 8608 7808 7360 7008 6720 6448 6208 6048 5904 5792 5744 5728 5728 5792 5888 6016 6192 6400 6656 7008 7360 7872 8656 9840 11296
      10256 8896 7952 7344 6928 6592 6304 6048 5840 5680 5552 5456 5392 5376 5376 5440 5536 5648 5808 6000 6240 6560 6896 7344 7984 8864 9888
      9056 8144 7472 6960 6576 6240 5968 5712 5504 5360 5248 5168 5088 5072 5088 5136 5232 5344 5504 5680 5920 6224 6544 6960 7488 8192 8960
      8384 7680 7088 6640 6288 5968 5712 5456 5248 5104 4992 4896 4832 4816 4832 4896 4992 5088 5248 5424 5648 5952 6256 6640 7136 7744 8416
      8000 7344 6800 6384 6032 5728 5472 5216 5024 4864 4752 4672 4608 4592 4608 4672 4752 4880 5008 5184 5424 5712 6016 6384 6832 7424 8064
      7840 7168 6624 6208 5856 5552 5296 5056 4864 4704 4576 4480 4432 4416 4432 4512 4592 4720 4864 5040 5264 5568 5856 6208 6656 7232 7888
      7584 6976 6464 6048 5712 5408 5152 4912 4720 4544 4416 4336 4272 4272 4288 4336 4448 4560 4720 4896 5136 5424 5712 6032 6448 6992 7632
      7424 6864 6384 5968 5616 5296 5040 4800 4624 4464 4320 4224 4176 4176 4176 4240 4336 4448 4624 4816 5040 5328 5584 5904 6304 6832 7440
      7344 6800 6304 5904 5552 5232 4992 4752 4544 4384 4256 4160 4112 4096 4128 4176 4256 4384 4544 4752 4960 5248 5520 5840 6240 6752 7328
      7328 6752 6256 5840 5504 5200 4944 4704 4512 4336 4208 4128 4096 4096 4096 4144 4224 4336 4512 4704 4912 5184 5472 5824 6224 6720 7264
      7376 6752 6256 5856 5520 5216 4960 4720 4512 4352 4224 4144 4096 4096 4112 4176 4240 4352 4512 4720 4928 5200 5504 5856 6272 6752 7264
      7392 6768 6272 5872 5536 5232 4960 4720 4528 4384 4256 4176 4128 4112 4128 4176 4256 4384 4544 4720 4944 5216 5520 5872 6272 6768 7296
      7488 6848 6336 5936 5600 5296 5024 4784 4592 4448 4336 4256 4176 4176 4192 4256 4336 4448 4592 4800 5008 5296 5584 5920 6336 6832 7408
      7664 7008 6464 6048 5712 5392 5136 4896 4704 4560 4448 4352 4304 4288 4304 4352 4448 4544 4720 4912 5136 5408 5696 6048 6464 6976 7568
      7888 7216 6656 6208 5856 5552 5296 5040 4864 4720 4592 4512 4448 4432 4448 4512 4592 4704 4880 5072 5280 5552 5840 6208 6624 7168 7792
      8064 7376 6832 6384 6016 5712 5456 5216 5008 4880 4752 4672 4608 4592 4592 4672 4752 4864 5024 5216 5424 5712 6000 6368 6816 7376 8048
      8352 7648 7072 6624 6256 5936 5680 5424 5216 5072 4960 4880 4816 4800 4800 4864 4960 5072 5232 5424 5632 5920 6224 6608 7088 7696 8416
      8896 8048 7392 6896 6512 6192 5920 5680 5472 5328 5216 5120 5040 5040 5040 5104 5200 5312 5472 5680 5888 6176 6496 6912 7424 8112 8944
      9808 8640 7792 7232 6832 6480 6208 5952 5760 5600 5488 5376 5312 5296 5312 5376 5456 5584 5760 5952 6176 6496 6832 7264 7856 8640 9680
      11296 9552 8384 7680 7232 6864 6560 6304 6128 5968 5840 5728 5648 5632 5648 5712 5824 5952 6128 6320 6576 6928 7296 7776 8464 9424 10688
      12528 10128 8592 7728 7264 6880 6576 6336 6208 6064 5920 5792 5712 5696 5712 5792 5888 6016 6192 6400 6672 7024 7408 7920 8688 9760 10480
   *
   cv_b:
      11888 9616 8224 7440 7056 6720 6400 6128 5920 5776 5616 5504 5488 5504 5520 5584 5632 5728 5936 6192 6448 6768 7056 7536 8336 9568 11120
      9936 8592 7648 7024 6592 6256 5984 5744 5536 5408 5264 5200 5136 5184 5184 5280 5344 5440 5616 5824 6016 6288 6640 7104 7760 8640 9632
      8704 7872 7216 6688 6256 5920 5680 5440 5248 5104 4992 4944 4896 4896 4928 4992 5088 5200 5360 5520 5728 5984 6320 6768 7296 7952 8640
      8000 7408 6880 6400 6000 5680 5440 5216 5008 4896 4784 4720 4656 4672 4688 4768 4864 4976 5136 5296 5472 5744 6048 6432 6912 7456 8016
      7616 7072 6560 6160 5792 5472 5248 5008 4848 4720 4608 4528 4464 4448 4480 4560 4656 4784 4912 5072 5280 5536 5824 6144 6544 7056 7632
      7472 6880 6368 5984 5648 5344 5104 4880 4720 4608 4480 4384 4336 4320 4352 4432 4496 4640 4768 4944 5136 5408 5664 5968 6336 6816 7440
      7312 6672 6176 5776 5472 5200 4976 4768 4624 4480 4352 4288 4208 4192 4240 4288 4400 4496 4656 4800 5008 5248 5504 5808 6160 6656 7200
      7200 6560 6032 5648 5344 5072 4880 4688 4528 4416 4304 4192 4144 4128 4144 4224 4320 4416 4560 4720 4928 5168 5408 5712 6096 6544 7040
      7088 6464 5968 5584 5296 5024 4816 4624 4464 4304 4224 4144 4080 4080 4112 4160 4240 4352 4480 4656 4816 5088 5344 5664 6048 6496 6944
      7008 6416 5952 5568 5280 4992 4768 4560 4400 4272 4160 4096 4096 4096 4096 4128 4208 4288 4464 4608 4800 5040 5328 5648 6016 6448 6912
      7008 6448 5968 5600 5296 5008 4784 4576 4384 4272 4160 4096 4080 4112 4096 4144 4224 4320 4448 4624 4816 5072 5344 5664 6032 6464 6928
      7072 6464 5984 5600 5296 5024 4800 4592 4432 4288 4176 4112 4080 4096 4112 4144 4224 4336 4496 4624 4832 5072 5344 5664 6032 6464 6944
      7216 6560 6032 5648 5328 5104 4880 4688 4496 4352 4256 4160 4128 4160 4160 4224 4320 4416 4544 4720 4896 5136 5408 5712 6096 6528 7056
      7392 6672 6128 5728 5456 5184 4976 4768 4608 4464 4352 4272 4224 4240 4256 4304 4400 4480 4656 4832 4992 5248 5488 5840 6240 6720 7264
      7616 6832 6272 5888 5600 5360 5120 4880 4752 4624 4480 4416 4368 4352 4384 4448 4512 4624 4784 4960 5136 5360 5632 6016 6432 6960 7504
      7744 7024 6480 6064 5744 5488 5264 5040 4880 4768 4640 4544 4496 4496 4496 4560 4656 4768 4912 5072 5248 5488 5776 6160 6624 7152 7744
      8000 7360 6800 6336 5968 5680 5456 5232 5056 4928 4816 4752 4688 4688 4688 4752 4832 4944 5088 5248 5440 5680 6016 6400 6896 7440 8080
      8544 7824 7168 6640 6208 5904 5696 5488 5280 5136 5040 4944 4896 4928 4896 4960 5040 5168 5328 5504 5680 5936 6272 6704 7216 7872 8608
      9552 8432 7584 6976 6528 6208 6000 5744 5504 5344 5248 5168 5152 5136 5168 5216 5296 5408 5584 5760 5952 6256 6592 7072 7680 8448 9440
      11248 9328 8096 7392 6976 6656 6336 6048 5824 5632 5520 5456 5440 5440 5456 5520 5616 5744 5920 6128 6352 6672 7056 7600 8320 9344 10672
      12816 9872 8176 7408 7120 6768 6400 6048 5840 5664 5552 5488 5456 5472 5504 5552 5664 5792 5984 6224 6448 6768 7152 7744 8624 9872 10784
   *
   cv_gb:
      11984 9872 8544 7744 7328 6944 6624 6352 6160 6016 5872 5760 5728 5696 5728 5808 5920 6032 6176 6368 6608 6960 7344 7888 8672 9776 11056
      10128 8848 7920 7328 6896 6544 6256 6000 5808 5664 5520 5424 5328 5344 5344 5440 5536 5648 5792 5968 6240 6592 6944 7392 8016 8864 9872
      8976 8144 7488 6960 6544 6224 5952 5680 5488 5344 5200 5120 5040 5040 5072 5120 5216 5344 5488 5648 5936 6272 6608 6992 7504 8208 9008
      8304 7680 7120 6656 6256 5936 5680 5440 5216 5088 4944 4864 4768 4784 4784 4880 4960 5072 5232 5424 5664 6000 6304 6656 7136 7744 8448
      7920 7344 6816 6400 6000 5680 5440 5184 5008 4864 4736 4608 4560 4544 4576 4656 4720 4848 5008 5184 5440 5728 6016 6368 6800 7376 8048
      7776 7152 6640 6224 5824 5520 5248 5024 4848 4672 4544 4432 4400 4384 4432 4496 4544 4672 4848 5056 5264 5552 5824 6192 6624 7184 7840
      7568 6976 6464 6032 5680 5392 5136 4896 4688 4512 4384 4304 4240 4240 4288 4320 4416 4512 4688 4912 5120 5392 5680 6032 6464 7040 7632
      7440 6864 6368 5936 5584 5264 5024 4784 4592 4432 4304 4176 4144 4144 4160 4224 4320 4432 4608 4784 5040 5328 5584 5952 6384 6912 7504
      7360 6784 6256 5856 5536 5200 4944 4720 4528 4336 4224 4128 4080 4080 4112 4160 4240 4368 4512 4752 4944 5264 5536 5888 6320 6816 7344
      7312 6720 6224 5824 5488 5168 4912 4672 4496 4304 4176 4096 4096 4096 4112 4144 4224 4320 4528 4704 4928 5200 5504 5856 6256 6720 7232
      7328 6736 6240 5840 5520 5184 4928 4688 4480 4336 4208 4128 4080 4112 4096 4176 4240 4352 4512 4720 4960 5216 5520 5872 6272 6736 7216
      7328 6752 6256 5872 5536 5216 4944 4704 4528 4368 4256 4160 4112 4096 4112 4160 4240 4368 4544 4720 4944 5232 5536 5872 6288 6768 7264
      7440 6848 6368 5968 5616 5328 5040 4784 4608 4464 4336 4240 4176 4176 4176 4224 4320 4448 4592 4800 5024 5312 5584 5936 6368 6848 7440
      7648 7008 6464 6048 5712 5408 5136 4912 4720 4560 4448 4336 4304 4304 4288 4336 4432 4544 4720 4928 5136 5440 5712 6064 6480 6992 7600
      7920 7200 6624 6192 5856 5552 5312 5040 4880 4720 4576 4512 4464 4448 4464 4528 4592 4704 4880 5072 5312 5568 5856 6240 6656 7200 7808
      8112 7360 6800 6368 6016 5712 5472 5232 5024 4880 4736 4656 4592 4608 4608 4672 4784 4880 5024 5216 5440 5744 6016 6384 6848 7424 8128
      8400 7648 7072 6624 6272 5952 5680 5424 5232 5088 4944 4880 4800 4816 4816 4880 4976 5072 5232 5392 5648 5968 6256 6624 7120 7760 8576
      8928 8096 7424 6928 6544 6208 5936 5712 5488 5344 5216 5120 5056 5056 5056 5120 5200 5328 5472 5664 5904 6240 6560 6928 7456 8192 9120
      9840 8688 7840 7264 6848 6512 6256 5968 5776 5600 5488 5376 5344 5312 5328 5392 5472 5584 5760 5952 6192 6560 6880 7296 7888 8688 9776
      11328 9584 8416 7712 7248 6880 6576 6304 6112 5952 5824 5744 5696 5680 5664 5680 5792 5936 6128 6336 6592 6960 7328 7808 8464 9360 10544
      12608 10128 8576 7728 7280 6896 6592 6320 6160 6016 5936 5840 5792 5776 5728 5728 5824 5968 6208 6480 6688 7008 7392 7952 8672 9568 9968
   *
END

# N.B. stage is disabled
DISTORTION
   cell_size_x: 0
   cell_size_y: 0
   pitch: 0
   vpitch: 0
   cvx:
   *
   cvy:
   *
END

# N.B. stage is disabled
WHITE_BALANCE
   gain_r: 1.871   # 479
   gain_b: 1.512   # 387
END

# N.B. stage is disabled
GAIN
   gain: 0.906   # 232
   offset_r: 0
   offset_g: 0
   offset_b: 0
   threshold: 8191
END

# N.B. stage is disabled
CROSSTALK
   abscissae_lim: 0 1024 2048 3072 4096 65535 *
   ordinates_lim: 50 90 250 350 350 350 *
END

DENOISE
   abscissae: 0 1365 2730 4096 5461 6826 8191 65535 *
   ordinates: 31 135 199 243 287 351 455 455 *
   r_gain:  1.500
   gr_gain: 0.875
   gb_gain: 0.875
   b_gain:  2.000
   r_str:   0.500
   gr_str:  0.996
   gb_str:  0.996
   b_str:   0.500
   mask:
      0 0 0 0 0 0 0
      0 0 0 0 0 0 0
      0 0 0 0 0 0 0
      0 0 0 0 0 0 0
      0 0 0 0 0 0 0
      0 0 0 0 0 0 0
      0 0 0 0 0 0 0
      *
END

# N.B. stage is disabled
DEFECTIVE_PIXEL
   x:    0 *
   y:    0 *
   mask: 0 *
   scale_hi: 0.100 0.000 0.000
   offset_hi: 27 15824 15824
   scale_lo: 0.000 0.000 0.000
   offset_lo: -52 48 48
   replace_index_lo: 3
   replace_index_hi: 5
   replace_scale_lo: 0.801
   replace_scale_hi: 1.500
END

# N.B. stage is disabled
DEMOSAIC
   bayer_type: TRUE
   threshold_n: 128
   hv_bias: 1.000000
   g_offset_shift: 1
END

# N.B. stage is disabled
COLOUR_CORRECTION
   matrix:
      1.9219 -0.9434 0.0229
      -0.2017 1.5620 -0.3594
      0.1069 -0.6118 1.5059
   offsets: 0 0 0
END

# N.B. stage is disabled
GAMMA
   abscissae_r: 0 32 64 96 128 160 193 257 353 418 514 610 739 867 1024 1221 1574 1831 2120 2441 2762 3148 3533 3951 4626 5107 5814 6585 7324 8191 65535 *
   ordinates_r: 0 178 352 460 595 717 794 1036 1329 1483 1760 2048 2432 2752 3168 3616 4320 4768 5184 5600 5920 6272 6560 6784 7136 7328 7552 7776 7968 8191 8191 *
   abscissae_g: 0 32 64 96 128 160 193 257 353 418 514 610 739 867 1024 1221 1574 1831 2120 2441 2762 3148 3533 3951 4626 5107 5814 6585 7324 8191 65535 *
   ordinates_g: 0 178 352 460 595 717 794 1036 1329 1483 1760 2048 2432 2752 3168 3616 4320 4768 5184 5600 5920 6272 6560 6784 7136 7328 7552 7776 7968 8191 8191 *
   abscissae_b: 0 32 64 96 128 160 193 257 353 418 514 610 739 867 1024 1221 1574 1831 2120 2441 2762 3148 3533 3951 4626 5107 5814 6585 7324 8191 65535 *
   ordinates_b: 0 178 352 460 595 717 794 1036 1329 1483 1760 2048 2432 2752 3168 3616 4320 4768 5184 5600 5920 6272 6560 6784 7136 7328 7552 7776 7968 8191 8191 *
END

# N.B. stage is disabled
FALSE_COLOUR
   strength1: 0.000
   strength2: 0.000
   filter_mix_cw: 1.000
   filter_mix_lo: 0
   filter_mix_hi: 4000
   filter_desat_cw: 1.000
   filter_desat_lo: 500
   filter_desat_hi: 4000
END

# N.B. stage is disabled
SHARPEN
   x_centre: 1632
   y_centre: 1224
   pos_gain_absc: 0 1000 1600 2000 2800 65535 *
   pos_gain_ord: 1.000 1.000 1.000 0.900 0.700 0.700 *
   v_gain_absc: 0 59 198 401 3500 3935 8191 65535
   v_gain_ord: 4096 4096 3891 2306 2048 901 369 369
   resp_absc: -32768 32767 *
   resp_ord: 0 0 *
   resp1_absc: -32768 -250 -100 100 350 32767 *
   resp1_ord: -35 -35 0 0 100 100 *
   resp_gain_absc: 0 59 198 401 622 2378 3935 5131 6962 7615 8191 65535 *
   resp_gain_ord: 256 256 256 92 73 82 103 179 230 256 256 256 *
   isotropic_strength: 0.500
   avg_g_shift: 0
END

# N.B. stage is disabled
Y_G_COEFFS
   y_coeffs: 0.114 0.299
END

# N.B. stage is disabled
CHROMINANCE_STRETCH
   u_abscissae: -32768 -7266 0 7266 32767 *
   u_ordinates: 0 0 4100 8191 8191 *
   v_abscissae: -32768 -5734 0 5734 32767 *
   v_ordinates: 0 0 4100 8191 8191 *
END

# N.B. stage is disabled
TONE_MAPPING
   y_abscissae: 0 264 528 792 1056 1321 1585 1849 2113 2378 2642 2906 3170 3434 3699 3963 4227 4491 4756 5020 5284 5548 5812 6077 6341 6605 6869 7134 7398 7662 7926 8191
   y_ordinates: 0 264 528 792 1056 1321 1585 1849 2113 2378 2642 2906 3170 3434 3699 3963 4227 4491 4756 5020 5284 5548 5812 6077 6341 6605 6869 7134 7398 7662 7926 8191
END

# N.B. stage is disabled
HRESIZE
   interp_filter_mode: BICUBIC
   input_offset_x: 0
   input_offset_y: 0
   input_width: 3264
   input_height: 2448
   output_width: 3264
   output_height: 2448
END

# N.B. stage is disabled
CONVERSION
   matrix:
      8.000 0.000 0.000
      0.000 8.000 0.000
      0.000 0.000 8.000
   offsets: 0 0 0
END

# N.B. stage is disabled
HI_RES_OUTPUT
   shift: 8
   data_format: 420
   output_width: 0
END

# To ensure correct simulator bmp file output please change "profile: none" to "profile: all"
profile all
CONVERSION
   matrix:
      8.000 14.192 0.000
      8.000 -2.712 -5.720
      8.000 0.000 11.200
   offsets: -58064 34676 -45940
END

HI_RES_OUTPUT
   shift: 8
   data_format: INTERLEAVED
   output_width: 0
END
end_profile
AWB
#   awb_speed_mod_exposure:
#   n_lamp_cals: 7
#   LAMP 0
#      lamp_type:  DAYLIGHT
#      r_gain_min: 256 #1.000
#      r_gain_max: 256 #1.000
#      r_nrm_min: 0.241
#      r_nrm_max: 0.254
#   END
#   LAMP 1
#      lamp_type: CLOUDY
#      r_gain_min: 256 #1.000
#      r_gain_max: 256 #1.000
#      r_nrm_min: 0.196
#      r_nrm_max: 0.248
#   END
#   LAMP 2
#      lamp_type: TUNGSTEN
#      r_gain_min: 256 #1.000
#      r_gain_max: 256 #1.000
#      r_nrm_min: 0.326
#      r_nrm_max: 0.345
#   END
#   LAMP 3
#      lamp_type: FLOURESCENT
#      r_gain_min: 256 #1.000
#      r_gain_max: 256 #1.000
#      r_nrm_min: 0.267
#      r_nrm_max: 0.326
#   END
#   LAMP 4
#      lamp_type: SHADE
#      r_gain_min: 256 #1.000
#      r_gain_max: 256 #1.000
#      r_nrm_min: 0.130
#      r_nrm_max: 0.248
#   END
#   LAMP 5
#      lamp_type: INCANDENSCENT
#      r_gain_min: 256 #1.000
#      r_gain_max: 256 #1.000
#      r_nrm_min: 0.295
#      r_nrm_max: 0.370
#   END
#   LAMP 6
#      lamp_type: FLASH
#      r_gain_min: 256 #1.000
#      r_gain_max: 256 #1.000
#      r_nrm_min: 0.181
#      r_nrm_max: 0.201
#   END
   awb_method: METHOD_B
# BAYESIAN
   canon_sens_r: 303.0000 #77568
   canon_sens_g: 526.0000 #134656
   canon_sens_b: 283.0000 #72448
   sensor_sens_r: 117.0000 #29952
   sensor_sens_g: 222.0000 #56832
   sensor_sens_b: 129.0000 #33024
   bayes_centre_weight: 1.0000
   bayes_inter_curve_strength: 1.0000
   bayes_inter_t_pow: 2
   bayes_t_curve_n: 2
   BAYES_T 0
      qpath_a: 0.0000
      qpath_b: -0.8667
      qpath_c: 0.5040
      rmin: 0.2020
      rmax: 0.3500
      res_para: 0.0050
      res_perp: 0.0035
      std_pos:
         0	393
         46	393
         48	786
         51	786
         64	524
         68	524
         70	786
         73	786
         74	524
         90	393
         256	0
         *
      std_neg:
         0	0
         56	0
         59	131
         60	393
         61	524
         64	393
         65	524
         70	786
         72	524
         74	131
         80	262
         133	262
         256	262
         *
      ridge_prior: 0
         0	0
         64	0
         65	100
         72	100
         73	0
         255	0
         *
      ridge_prior: 1
         0	0
         58	0
         61	100
         75	100
         77	0
         256	0
         *
      ridge_prior: 2
         0	0
         49	0
         50	100
         56	100
         61	200
         67	200
         72	100
         78	100
         81	0
         87	0
         256	0
         *
      ridge_prior_interp:
         0	0
         4	0
         5	128
         6	256
         10	384
         16	512
         19	512
         65535	512
         *
   END
   BAYES_T 1
      qpath_a: 2.1600
      qpath_b: -2.4000
      qpath_c: 0.7350
      rmin: 0.2100
      rmax: 0.4200
      res_para: 0.0100
      res_perp: 0.0060
      std_pos:
         0	393
         54	393
         56	1311
         72	1311
         73	2621
         74	1311
         79	1311
         256	1311
         *
      std_neg:
         0	393
         38	655
         56	655
         60	1311
         72	1311
         74	0
         79	0
         256	0
         *
      ridge_prior: 0
         0	0
         256	0
         *
      ridge_prior: 1
         0	50
         41	500
         51	500
         56	2000
         74	2000
         79	500
         256	500
         *
      ridge_prior_interp:
         0	0
         25	0
         30	1
         60	1
         100	100
         250	256
         65535	256
         *
   END
   bayes_tex_pdf_n: 4
   BAYES_S_T_PDF 0
      w_int:
         -256	64
         -128	255
         192	255
         256	64
         *
      w_r_nrm:
         0	255
         256	255
         *
      w_exp:
         0	255
         65535	255
         *
   tex_embedded_rle:
0 676 16 1 64 1 36 1 0 5 64 1 200 1 120 1 6 1 0 4 36 1 120 1 70 1 3 1 0 5 6 1 
2 1 0 3393
   END
   BAYES_S_T_PDF 1
      w_int:
         -256	0
         -10	10
         0	255
         256	255
         *
      w_r_nrm:
         0	255
         75	255
         78	0
         256	0
         *
      w_exp:
         0	48
         22	32
         25	0
         65535	0
         *
   tex_embedded_rle:
0 884 3 2 1 1 0 3 2 1 24 1 100 1 79 1 12 1 1 1 0 159 4 1 0 7 145 1 0 6 52 1 
241 1 0 6 196 1 255 1 0 5 135 1 245 1 250 1 0 1 6 1 75 1 177 1 248 1 229 1 77 1 1 1 
5 1 82 1 218 1 254 1 251 1 161 1 21 1 0 1 54 1 207 1 254 1 249 1 178 1 46 1 1 1 0 1 
191 1 252 2 162 1 37 1 1 1 0 2 250 1 254 1 193 1 44 1 0 4 250 1 187 1 63 1 3 1 0 4 
212 1 33 1 3 1 0 5 81 1 0 139 7 1 204 1 254 1 134 1 0 4 136 1 255 1 252 1 31 1 0 4 
173 1 249 1 223 1 14 1 0 5 92 1 21 1 0 33 4 1 0 2751
   END
   BAYES_S_T_PDF 2
      w_int:
         -256	255
         256	255
         *
      w_r_nrm:
         0	255
         78	255
         81	0
         256	0
         *
      w_exp:
         0	5
         50	5
         55	0
         65535	0
         *
   tex_embedded_rle:
0 485 64 1 192 1 0 5 64 1 255 2 32 1 0 3 64 1 255 1 64 1 32 1 0 3593
   END
   BAYES_S_T_PDF 3
      w_int:
         -256	255
         128	255
         256	32
         *
      w_r_nrm:
         0	150
         48	150
         58	150
         65	64
         256	64
         *
      w_exp:
         0	12
         10	8
         17	4
         41	4
         65535	0
         *
   tex_embedded_rle:
0 175 2 1 0 6 4 1 67 1 0 5 3 1 59 1 201 1 0 26 2 1 0 5 1 1 37 1 101 1 45 1 
1 1 0 3 37 1 170 1 240 1 176 1 36 1 0 3 176 1 245 1 254 1 245 1 139 1 10 1 0 2 251 1 
254 1 255 1 253 1 190 1 23 1 0 134 6 1 77 1 195 1 250 1 0 4 47 1 206 1 252 1 254 1 0 3 
2 1 103 1 244 1 254 1 255 1 0 3 3 1 125 1 250 1 255 2 0 3 3 1 127 1 250 1 255 2 0 3 
3 1 126 1 250 1 255 2 0 3 3 1 119 1 248 1 255 2 0 3 1 1 98 1 243 1 254 3 255 2 251 1 
160 1 13 1 0 2 255 2 254 1 239 1 90 1 2 1 0 2 255 2 254 1 220 1 49 1 0 3 255 2 253 1 
190 1 23 1 0 3 255 2 252 1 161 1 11 1 0 3 255 2 248 1 121 1 4 1 0 3 255 1 254 1 240 1 
87 1 1 1 0 3 254 1 251 1 201 1 45 1 0 136 54 1 217 1 253 1 248 1 0 4 10 1 109 1 170 1 
136 1 0 5 6 1 13 1 7 1 0 40 227 1 167 1 68 1 4 1 0 4 66 1 18 1 2 1 0 3381
   END
   face_weight: 0.5000
   face_pdf_tex_embedded_rle:
0 479 35 1 0 5 2 1 69 1 196 1 0 5 58 1 220 1 254 1 0 4 66 1 203 1 253 1 255 1 0 3 
22 1 178 1 254 1 255 1 248 1 0 195 90 1 247 1 255 1 252 1 177 1 0 3 77 1 206 1 208 1 161 1 
43 1 0 3 2 1 11 2 6 1 0 2398 8 1 34 1 85 1 0 3 9 1 96 1 178 1 220 1 247 1 0 48 
139 1 149 1 39 1 0 5 253 1 251 1 95 1 0 135 2 1 99 1 239 1 254 1 255 2 0 1 1 1 60 1 
220 1 254 1 255 1 246 1 218 1 12 1 88 1 213 1 253 1 252 1 227 1 123 1 33 1 157 1 238 1 254 1 
241 1 162 1 54 1 5 1 0 1 251 1 255 1 249 1 146 1 14 1 0 3 255 1 226 1 124 1 23 1 0 4 
239 1 113 1 3 1 0 5 146 1 10 1 0 6 253 1 235 1 67 1 0 5 151 1 82 1 8 1 0 5 4 1 
0 175 24 1 0 511
flash_weight: 255
flash_r_nrm: 0.1910
flash_b_nrm: 0.3730
flash_tol: 0.0100
use_local_ccm: FALSE
END

CORRECTION_TUNER
   enable: TRUE
   TABLE 0
      matrix:
         1.506 -0.593 0.088
         -0.245 1.179 0.066
         0.065 -1.099 2.034
      offsets: 0 0 0
   END # table 0
   TABLE 1
      matrix:
         1.562 -0.353 -0.210
         -0.488 1.824 -0.336
         0.044 -0.726 1.682
      offsets: 0 0 0
   END # table 1
   TABLE 2
      matrix:
         1.816 -0.788 -0.028
         -0.276 1.668 -0.392
         0.128 -0.788 1.660
      offsets: 0 0 0
   END # table 2
   TABLE 3
      matrix:
         2.006 -1.043 0.037
         -0.208 1.573 -0.365
         0.087 -0.609 1.522
      offsets: 0 0 0
   END # table 3
   FLASH_TABLE
      matrix:
         2.306 -1.202 -0.103
         -0.199 1.980 -0.781
         0.057 -0.625 1.567
      offsets: 0 0 0
   END
   interp_func:
     0	0
     2800	0
     4000	256
     5000	512
     6500	768
     65535	768
     *
   saturation_func:
     0	248
     1000	248
     1600	243
     2000	218
     65535	218
     *
END

# Backlit_gain: 256

flash_proportion: 0

