cv_r0: 15365 14658 13031 11667 10679 9867 9234 8685 8176 7774 7523 7336 7153 7040 7039 7128 7304 7546 7802 8114 8567 9129 9734 10419 11441 12697 13242 
14966 14273 12677 11347 10395 9608 8986 8446 7947 7551 7293 7102 6927 6822 6820 6905 7079 7323 7584 7902 8351 8906 9507 10188 11187 12407 12936 
13885 13227 11710 10468 9618 8905 8318 7803 7334 6951 6673 6469 6316 6234 6226 6299 6473 6721 6997 7331 7774 8308 8897 9565 10501 11622 12109 
12795 12181 10766 9621 8857 8203 7635 7138 6699 6333 6041 5826 5694 5632 5622 5687 5856 6102 6391 6739 7172 7683 8264 8925 9803 10828 11273 
12045 11489 10209 9148 8402 7743 7143 6633 6221 5879 5592 5379 5254 5198 5197 5266 5420 5648 5941 6301 6714 7195 7779 8460 9312 10277 10696 
11452 10954 9810 8821 8069 7385 6744 6213 5821 5501 5225 5019 4894 4839 4849 4925 5063 5270 5562 5926 6322 6779 7370 8076 8914 9836 10238 
10999 10529 9449 8503 7764 7087 6449 5918 5524 5205 4934 4734 4610 4555 4563 4636 4771 4973 5254 5607 6012 6485 7079 7777 8597 9493 9883 
10690 10226 9157 8227 7511 6860 6255 5738 5324 4987 4720 4525 4402 4344 4343 4407 4548 4756 5017 5346 5778 6300 6894 7561 8363 9248 9634 
10520 10051 8970 8042 7344 6710 6122 5612 5185 4837 4569 4376 4255 4198 4194 4255 4399 4610 4861 5178 5621 6164 6758 7414 8204 9078 9458 
10512 10024 8899 7952 7268 6643 6051 5536 5105 4753 4479 4283 4166 4117 4121 4189 4330 4537 4789 5109 5541 6069 6666 7334 8119 8975 9347 
10570 10067 8909 7944 7263 6639 6041 5520 5088 4735 4458 4260 4143 4096 4108 4184 4322 4523 4783 5111 5530 6035 6635 7323 8112 8961 9331 
10635 10135 8982 8014 7319 6686 6088 5568 5133 4780 4513 4319 4189 4129 4145 4226 4360 4556 4829 5173 5580 6062 6669 7382 8193 9062 9441 
10742 10252 9125 8161 7441 6792 6196 5678 5243 4892 4636 4446 4300 4224 4241 4327 4456 4649 4935 5296 5696 6160 6773 7506 8344 9244 9636 
10878 10409 9329 8379 7629 6959 6362 5847 5417 5070 4810 4616 4468 4391 4408 4494 4626 4821 5106 5467 5876 6353 6960 7678 8522 9445 9847 
11052 10611 9597 8669 7882 7187 6588 6077 5657 5314 5041 4837 4696 4628 4643 4727 4865 5068 5342 5690 6121 6634 7228 7904 8742 9684 10093 
11400 10958 9940 9010 8221 7519 6905 6386 5975 5635 5349 5136 5007 4949 4953 5026 5173 5389 5665 6012 6458 6991 7584 8249 9088 10039 10453 
11810 11356 10313 9389 8651 7967 7315 6770 6367 6033 5734 5514 5402 5357 5338 5387 5545 5785 6080 6443 6892 7423 8035 8728 9571 10508 10916 
12780 12216 10914 9857 9155 8492 7812 7246 6843 6509 6198 5971 5874 5840 5803 5832 5999 6260 6568 6942 7395 7929 8560 9284 10155 11119 11538 
15095 14185 12080 10554 9824 9175 8497 7930 7512 7162 6837 6603 6514 6489 6449 6474 6648 6915 7213 7575 8041 8601 9247 9985 10941 12043 12522 
17635 16332 13311 11244 10468 9830 9165 8605 8166 7796 7459 7219 7135 7117 7081 7108 7285 7552 7834 8176 8657 9249 9905 10651 11704 12969 13518 
18547 17104 13758 11498 10708 10074 9412 8854 8409 8032 7689 7447 7365 7351 7315 7342 7521 7789 8065 8401 8886 9490 10150 10900 11988 13310 13883 
*
cv_gr0: 13572 12835 11134 9798 8964 8311 7821 7431 7129 6868 6606 6410 6325 6297 6284 6321 6439 6618 6836 7105 7435 7837 8357 8992 9862 10895 11343 
13145 12444 10823 9549 8754 8125 7645 7259 6954 6693 6442 6253 6163 6130 6119 6159 6275 6451 6669 6939 7263 7654 8163 8785 9632 10634 11070 
11976 11370 9970 8868 8179 7621 7169 6793 6480 6219 5998 5831 5727 5676 5672 5721 5831 5997 6218 6491 6797 7158 7636 8223 9007 9927 10327 
10844 10330 9143 8204 7612 7114 6686 6319 6000 5740 5545 5398 5281 5216 5217 5274 5379 5538 5758 6029 6320 6657 7109 7663 8384 9220 9584 
10189 9728 8665 7812 7257 6778 6352 5983 5666 5410 5226 5085 4966 4896 4897 4956 5066 5226 5431 5682 5972 6315 6761 7299 7977 8750 9085 
9735 9310 8331 7531 6988 6512 6081 5710 5398 5146 4962 4821 4704 4636 4636 4694 4810 4975 5164 5393 5687 6046 6491 7017 7663 8386 8700 
9351 8953 8038 7280 6750 6283 5862 5497 5188 4934 4739 4592 4481 4422 4422 4480 4598 4765 4954 5184 5480 5839 6275 6784 7407 8106 8410 
9067 8687 7811 7079 6556 6099 5697 5345 5038 4778 4562 4401 4301 4256 4259 4315 4432 4600 4802 5047 5345 5697 6118 6606 7219 7916 8218 
8876 8508 7659 6945 6428 5976 5581 5234 4927 4665 4443 4278 4185 4147 4148 4201 4314 4479 4686 4939 5239 5589 6002 6477 7086 7784 8087 
8780 8419 7586 6884 6372 5920 5515 5160 4851 4593 4384 4231 4141 4100 4094 4137 4242 4400 4601 4849 5152 5509 5923 6397 7009 7712 8017 
8766 8406 7575 6875 6365 5911 5498 5137 4828 4573 4375 4231 4140 4096 4086 4123 4221 4373 4569 4815 5118 5477 5893 6370 6985 7691 7998 
8828 8462 7618 6907 6389 5934 5529 5176 4870 4615 4412 4262 4168 4122 4115 4157 4255 4405 4608 4862 5159 5506 5917 6392 7002 7704 8009 
8966 8588 7717 6986 6460 6003 5608 5264 4963 4708 4496 4337 4237 4190 4191 4242 4341 4492 4703 4965 5256 5588 5995 6471 7079 7776 8079 
9182 8784 7865 7110 6589 6134 5729 5379 5085 4837 4626 4465 4359 4309 4320 4382 4481 4628 4837 5098 5387 5719 6136 6630 7249 7952 8257 
9474 9048 8066 7280 6774 6323 5893 5529 5243 5005 4802 4644 4532 4478 4501 4577 4675 4815 5015 5267 5558 5900 6338 6862 7502 8220 8532 
9793 9358 8353 7549 7032 6567 6122 5749 5467 5233 5027 4869 4759 4708 4733 4811 4909 5048 5241 5486 5778 6130 6583 7129 7797 8547 8873 
9985 9595 8696 7931 7362 6861 6414 6043 5760 5521 5301 5134 5037 4998 5015 5079 5181 5324 5511 5747 6039 6397 6858 7415 8116 8914 9260 
10695 10253 9232 8378 7764 7235 6778 6400 6112 5867 5635 5462 5375 5344 5350 5402 5504 5653 5842 6079 6379 6746 7215 7783 8531 9402 9780 
12745 11985 10227 8946 8320 7796 7300 6894 6589 6338 6112 5943 5849 5809 5809 5857 5956 6107 6315 6581 6904 7295 7779 8364 9191 10190 10623 
15043 13906 11270 9489 8863 8356 7816 7376 7053 6795 6580 6419 6312 6258 6254 6302 6396 6549 6781 7081 7433 7848 8348 8947 9858 10989 11479 
15863 14594 11649 9691 9064 8562 8006 7554 7225 6965 6753 6594 6484 6425 6420 6467 6560 6713 6953 7266 7627 8051 8556 9162 10103 11282 11793 
*
cv_gb0: 13436 12714 11046 9733 8907 8266 7794 7416 7110 6853 6619 6446 6362 6329 6321 6357 6452 6602 6808 7073 7397 7797 8347 9027 9869 10821 11235 
13017 12332 10751 9500 8706 8084 7620 7244 6938 6681 6451 6282 6196 6162 6151 6187 6286 6442 6648 6909 7230 7625 8157 8811 9631 10562 10967 
11868 11287 9944 8867 8161 7591 7147 6778 6471 6215 5997 5837 5750 5711 5692 5724 5839 6014 6218 6468 6780 7160 7643 8223 8980 9857 10238 
10756 10270 9150 8236 7614 7095 6667 6304 5995 5740 5534 5382 5293 5248 5226 5258 5383 5570 5773 6015 6320 6687 7127 7642 8339 9161 9517 
10112 9672 8655 7823 7253 6763 6336 5969 5658 5402 5204 5058 4962 4913 4902 4943 5059 5232 5435 5682 5988 6353 6781 7278 7944 8724 9063 
9666 9250 8292 7507 6970 6497 6067 5696 5384 5129 4934 4789 4689 4638 4640 4693 4795 4947 5150 5405 5715 6081 6510 7004 7651 8400 8725 
9286 8899 8006 7263 6735 6267 5839 5473 5173 4925 4720 4567 4472 4428 4429 4481 4585 4740 4938 5186 5495 5863 6286 6769 7404 8140 8460 
9005 8643 7810 7095 6555 6080 5658 5304 5026 4788 4563 4394 4312 4281 4273 4314 4432 4604 4794 5025 5331 5701 6115 6586 7216 7955 8276 
8832 8483 7680 6978 6429 5950 5538 5192 4920 4682 4451 4278 4202 4177 4167 4205 4324 4496 4684 4912 5217 5588 6000 6465 7087 7815 8131 
8777 8427 7621 6914 6358 5880 5484 5143 4851 4602 4382 4221 4141 4113 4113 4157 4257 4406 4599 4843 5153 5524 5941 6412 7017 7711 8012 
8798 8439 7613 6895 6337 5863 5478 5139 4831 4572 4365 4215 4130 4096 4104 4154 4241 4374 4572 4829 5141 5508 5929 6406 7000 7671 7962 
8873 8499 7640 6907 6361 5895 5509 5170 4862 4605 4404 4258 4166 4125 4131 4184 4280 4424 4626 4880 5183 5539 5955 6432 7031 7711 8006 
9008 8617 7717 6968 6438 5981 5588 5245 4943 4692 4496 4349 4251 4202 4204 4259 4372 4535 4737 4983 5276 5619 6029 6505 7117 7819 8124 
9192 8790 7863 7104 6585 6133 5731 5382 5082 4833 4635 4488 4386 4335 4339 4397 4513 4679 4876 5115 5405 5749 6164 6650 7269 7978 8286 
9428 9019 8074 7308 6797 6347 5933 5575 5275 5026 4824 4673 4571 4522 4530 4592 4705 4863 5051 5282 5575 5929 6358 6859 7485 8193 8501 
9716 9304 8354 7582 7065 6606 6179 5813 5513 5265 5059 4904 4802 4754 4764 4826 4939 5097 5281 5508 5805 6167 6608 7125 7773 8508 8828 
9903 9526 8658 7923 7382 6900 6460 6087 5791 5546 5336 5177 5076 5028 5033 5092 5211 5379 5566 5794 6093 6461 6910 7441 8128 8922 9266 
10630 10190 9174 8342 7772 7271 6815 6431 6132 5884 5671 5510 5408 5360 5361 5417 5541 5715 5909 6143 6449 6826 7287 7836 8576 9449 9828 
12734 11972 10210 8938 8336 7833 7353 6948 6624 6359 6145 5985 5880 5829 5833 5892 6009 6178 6382 6636 6961 7358 7841 8419 9239 10228 10657 
15095 13955 11312 9524 8892 8394 7890 7463 7109 6824 6609 6452 6343 6289 6297 6360 6468 6628 6844 7120 7465 7884 8390 8997 9896 11002 11482 
15937 14664 11711 9741 9097 8600 8088 7653 7288 6996 6781 6625 6514 6459 6469 6533 6638 6795 7016 7299 7651 8078 8592 9210 10139 11288 11786 
*
cv_b0: 13628 12849 11051 9655 8814 8150 7632 7216 6885 6621 6413 6263 6169 6129 6147 6206 6271 6386 6620 6938 7285 7692 8237 8908 9792 10824 11273 
13172 12437 10737 9410 8597 7952 7451 7048 6727 6471 6266 6117 6022 5981 5995 6052 6124 6246 6471 6774 7106 7500 8033 8692 9549 10543 10975 
11923 11306 9881 8743 8002 7411 6957 6591 6302 6067 5871 5724 5627 5580 5584 5635 5728 5869 6070 6327 6620 6976 7477 8104 8886 9775 10161 
10715 10207 9035 8077 7419 6886 6472 6135 5868 5648 5462 5319 5220 5168 5163 5210 5320 5477 5659 5877 6140 6465 6931 7516 8227 9024 9371 
10014 9554 8492 7634 7064 6585 6180 5840 5559 5331 5156 5023 4924 4869 4862 4908 5020 5181 5361 5576 5841 6166 6597 7126 7800 8574 8911 
9534 9097 8089 7295 6803 6369 5963 5610 5307 5065 4896 4771 4673 4618 4613 4659 4768 4927 5112 5338 5617 5951 6351 6823 7474 8249 8586 
9151 8741 7794 7045 6576 6155 5752 5402 5108 4869 4686 4551 4456 4407 4405 4453 4563 4722 4911 5141 5421 5752 6134 6578 7209 7970 8300 
8894 8506 7612 6885 6397 5965 5565 5228 4963 4736 4526 4366 4276 4239 4242 4293 4404 4564 4757 4990 5265 5585 5960 6399 7015 7755 8077 
8721 8349 7491 6776 6269 5830 5444 5120 4865 4640 4418 4249 4163 4132 4138 4191 4298 4453 4649 4886 5161 5478 5850 6283 6889 7614 7928 
8631 8266 7426 6715 6190 5751 5398 5090 4814 4575 4366 4210 4126 4093 4100 4152 4248 4390 4585 4829 5112 5438 5810 6237 6834 7547 7857 
8624 8260 7422 6707 6171 5732 5397 5098 4806 4558 4360 4215 4131 4096 4104 4154 4241 4374 4569 4817 5106 5439 5813 6239 6834 7546 7854 
8701 8330 7474 6752 6222 5781 5429 5119 4836 4594 4390 4239 4155 4121 4129 4181 4269 4403 4599 4848 5134 5464 5838 6267 6874 7604 7921 
8855 8471 7586 6851 6332 5886 5503 5177 4910 4679 4466 4306 4220 4187 4195 4247 4340 4480 4677 4925 5206 5530 5907 6345 6969 7722 8048 
9059 8664 7754 7003 6481 6027 5627 5292 5033 4810 4601 4442 4357 4324 4326 4373 4468 4612 4808 5052 5336 5666 6054 6505 7134 7884 8209 
9323 8916 7980 7208 6674 6211 5800 5461 5205 4989 4790 4640 4558 4523 4516 4553 4650 4798 4990 5229 5520 5865 6270 6739 7364 8096 8413 
9647 9237 8293 7506 6945 6460 6039 5694 5434 5217 5019 4869 4785 4747 4740 4778 4880 5033 5223 5460 5753 6105 6528 7023 7665 8405 8727 
9858 9493 8656 7907 7295 6773 6344 5992 5720 5491 5281 5121 5025 4983 4990 5047 5157 5315 5508 5744 6031 6377 6817 7347 8022 8796 9132 
10695 10254 9237 8369 7717 7169 6722 6353 6063 5819 5599 5430 5325 5280 5297 5369 5488 5652 5846 6081 6368 6717 7182 7753 8491 9343 9714 
13127 12288 10345 8947 8293 7758 7261 6852 6534 6274 6050 5882 5780 5737 5749 5817 5943 6115 6305 6536 6841 7227 7735 8363 9226 10254 10700 
15858 14550 11512 9495 8852 8344 7792 7338 6992 6716 6491 6329 6234 6193 6196 6254 6385 6565 6749 6976 7305 7733 8285 8970 9968 11188 11717 
16832 15358 11936 9700 9059 8560 7989 7518 7162 6880 6655 6494 6401 6361 6361 6416 6549 6732 6915 7139 7477 7920 8488 9194 10240 11529 12087 
*
