cv_r0: 4328 4135 4246 4308 4297 4316 4304 4352 4306 4317 4292 4336 4332 4385 4403 4368 4379 4386 4388 4510 4465 4440 4386 4369 4360 4215 4468 
4272 3979 4049 4190 4149 4142 4159 4118 4088 4083 4060 4064 4098 4120 4125 4148 4128 4134 4197 4305 4274 4240 4225 4217 4247 4211 4255 
4249 3981 4038 4170 4174 4150 4125 4120 4071 4033 4046 4050 4082 4058 4106 4123 4110 4132 4165 4249 4257 4224 4214 4250 4270 4172 4215 
4276 4027 4142 4238 4211 4203 4149 4136 4091 4095 4090 4063 4087 4069 4108 4134 4148 4152 4220 4263 4270 4254 4296 4336 4277 4198 4242 
4358 4088 4177 4232 4227 4178 4148 4139 4136 4101 4098 4100 4110 4115 4098 4159 4157 4184 4238 4283 4294 4302 4386 4397 4339 4208 4249 
4371 4128 4190 4258 4220 4124 4099 4111 4085 4074 4053 4047 4060 4072 4093 4111 4126 4187 4195 4277 4280 4276 4314 4366 4340 4190 4294 
4386 4151 4226 4227 4183 4142 4106 4103 4079 4084 4068 4048 4073 4078 4085 4092 4135 4198 4254 4273 4295 4298 4316 4363 4330 4266 4275 
4435 4190 4248 4260 4244 4185 4168 4119 4099 4108 4104 4071 4090 4108 4127 4151 4168 4221 4264 4322 4323 4339 4380 4412 4390 4308 4312 
4423 4171 4209 4244 4233 4175 4143 4088 4069 4079 4068 4089 4081 4068 4103 4150 4153 4209 4250 4296 4314 4330 4353 4350 4381 4315 4358 
4436 4154 4238 4242 4239 4188 4157 4110 4099 4085 4082 4120 4093 4125 4115 4166 4178 4197 4268 4311 4335 4373 4367 4359 4355 4329 4388 
4393 4193 4249 4310 4271 4228 4192 4161 4156 4122 4129 4128 4129 4134 4166 4200 4226 4253 4300 4351 4381 4416 4438 4418 4351 4311 4331 
4478 4221 4275 4325 4274 4217 4209 4199 4176 4116 4140 4158 4159 4166 4192 4236 4247 4273 4315 4327 4387 4445 4463 4405 4357 4326 4364 
4472 4233 4291 4347 4324 4293 4301 4293 4245 4218 4201 4218 4222 4254 4281 4318 4328 4316 4350 4398 4451 4470 4494 4511 4445 4421 4490 
4525 4272 4382 4396 4354 4344 4345 4349 4307 4282 4257 4281 4289 4294 4334 4371 4388 4402 4408 4465 4488 4508 4544 4548 4474 4407 4471 
4502 4229 4356 4431 4370 4302 4338 4368 4347 4327 4311 4307 4339 4371 4387 4404 4407 4446 4450 4511 4517 4538 4544 4576 4466 4355 4434 
4547 4278 4398 4510 4447 4378 4418 4430 4419 4416 4398 4425 4438 4488 4476 4475 4497 4501 4535 4576 4596 4590 4581 4618 4504 4413 4438 
4596 4324 4405 4461 4506 4497 4454 4442 4426 4453 4481 4473 4505 4487 4511 4521 4538 4550 4566 4591 4594 4589 4587 4612 4575 4452 4444 
4636 4325 4397 4472 4514 4528 4517 4486 4476 4464 4483 4528 4510 4501 4538 4581 4568 4594 4591 4570 4568 4591 4576 4577 4512 4423 4454 
4280 4106 4278 4440 4446 4484 4480 4505 4463 4436 4475 4478 4505 4502 4517 4517 4547 4553 4580 4561 4551 4532 4519 4504 4403 4206 4248 
4536 3932 4267 4459 4481 4471 4538 4547 4498 4470 4524 4554 4541 4558 4556 4548 4549 4550 4579 4631 4554 4508 4531 4559 4355 4164 4477 
4421 3842 4110 4449 4395 4379 4462 4502 4413 4439 4457 4451 4416 4452 4433 4486 4438 4449 4477 4504 4474 4410 4484 4471 4254 4078 4462 
*
cv_gr0: 4200 3963 4001 4016 4098 4121 4118 4145 4116 4164 4129 4156 4147 4157 4187 4151 4166 4193 4166 4172 4168 4189 4190 4162 4114 3999 4020 
4014 3725 3783 3885 3934 3947 3976 3963 3968 3991 3972 3983 3981 3979 3992 3986 3980 3992 3998 4027 4027 4023 3997 3985 3942 3895 3936 
4009 3709 3825 3931 3934 3953 3986 3979 3976 3969 3964 3985 3996 3988 4000 4005 3999 4003 4011 4015 4039 4036 4017 4000 3966 3911 3997 
4060 3762 3895 4004 3987 3993 4005 4032 4023 4025 4025 4011 4025 4017 4062 4062 4052 4061 4056 4074 4069 4094 4079 4070 3997 3935 3994 
4114 3840 3949 4061 4049 4023 4045 4059 4096 4059 4048 4050 4072 4086 4088 4117 4098 4115 4124 4135 4146 4152 4152 4120 4049 4003 4058 
4133 3877 3954 4029 4023 3994 4037 4048 4038 4021 4025 4038 4053 4066 4084 4100 4096 4072 4088 4114 4133 4117 4119 4087 4045 4005 4074 
4108 3915 3974 4014 4020 4016 4035 4053 4035 4032 4034 4041 4069 4083 4105 4113 4109 4093 4108 4117 4129 4141 4115 4120 4043 4014 4110 
4153 3955 4029 4071 4075 4058 4087 4081 4069 4072 4084 4088 4128 4141 4138 4147 4153 4158 4145 4171 4180 4186 4169 4154 4104 4031 4114 
4166 3928 4008 4065 4048 4061 4056 4050 4052 4049 4052 4088 4110 4119 4125 4136 4134 4140 4124 4139 4149 4160 4158 4142 4090 4007 4072 
4160 3956 4031 4068 4083 4052 4074 4067 4097 4083 4090 4123 4094 4138 4134 4152 4138 4137 4153 4158 4158 4165 4162 4139 4086 4035 4108 
4206 3991 4046 4101 4106 4103 4108 4111 4122 4135 4153 4144 4149 4136 4176 4192 4174 4191 4178 4218 4199 4176 4169 4168 4123 4054 4163 
4197 3983 4041 4090 4099 4089 4099 4115 4131 4113 4138 4154 4162 4158 4175 4198 4187 4185 4192 4201 4203 4186 4184 4179 4116 4069 4170 
4226 4008 4056 4120 4141 4137 4156 4167 4154 4169 4173 4184 4215 4238 4236 4237 4246 4235 4257 4246 4251 4246 4243 4233 4171 4107 4169 
4281 4014 4076 4145 4163 4182 4174 4185 4191 4215 4199 4230 4238 4270 4268 4251 4257 4259 4261 4279 4267 4283 4262 4252 4164 4124 4149 
4294 3969 4048 4129 4156 4157 4168 4162 4181 4199 4206 4223 4249 4258 4260 4245 4251 4258 4261 4265 4277 4285 4253 4223 4159 4089 4183 
4259 4001 4091 4168 4203 4194 4198 4206 4221 4261 4264 4269 4296 4329 4302 4282 4309 4299 4311 4313 4309 4323 4279 4251 4191 4126 4231 
4319 4007 4115 4190 4204 4199 4227 4214 4243 4249 4269 4268 4312 4325 4338 4316 4306 4305 4295 4320 4317 4328 4294 4273 4210 4207 4263 
4302 3997 4111 4202 4188 4178 4208 4240 4243 4264 4263 4311 4304 4310 4326 4315 4314 4300 4305 4321 4311 4285 4269 4275 4227 4176 4201 
3991 3824 4018 4142 4140 4158 4166 4184 4213 4209 4230 4251 4272 4287 4275 4262 4279 4285 4280 4287 4279 4262 4252 4235 4132 3927 3944 
4264 3689 3989 4155 4173 4157 4190 4188 4195 4219 4253 4250 4275 4287 4241 4246 4253 4295 4289 4279 4287 4281 4270 4271 4070 3890 4204 
4164 3603 3916 4087 4105 4077 4121 4141 4152 4166 4190 4178 4216 4200 4156 4158 4193 4253 4204 4229 4238 4207 4213 4196 4000 3792 4175 
*
cv_gb0: 4163 3907 3964 3977 4055 4068 4097 4120 4123 4103 4086 4135 4125 4124 4154 4168 4150 4157 4138 4222 4197 4179 4141 4122 4039 3991 4132 
3953 3704 3757 3837 3866 3909 3938 3942 3922 3942 3939 3929 3927 3936 3962 3984 3954 3956 3970 3995 4013 4011 3945 3908 3902 3902 3948 
3973 3717 3777 3883 3898 3918 3927 3951 3937 3922 3921 3940 3944 3948 3957 3980 3966 3967 3981 4015 4020 4033 3979 3975 3920 3926 3991 
4046 3773 3852 3965 3971 3975 3967 3975 3963 3970 3971 3965 3982 3988 4020 4027 4017 4018 4035 4047 4040 4069 4054 4066 3985 3927 4026 
4072 3834 3925 4012 4002 3999 4007 4014 4021 4026 4003 4021 4036 4040 4045 4070 4070 4098 4107 4093 4114 4112 4126 4118 4053 4001 4022 
4069 3850 3913 4000 4000 3998 4002 4026 4015 3999 3979 3981 4008 4036 4049 4052 4069 4078 4096 4109 4116 4078 4091 4089 4004 3959 4030 
4091 3870 3935 3996 3985 3988 4007 4024 4020 4010 4012 4021 4026 4045 4067 4055 4085 4080 4114 4121 4117 4104 4092 4101 4031 3988 4004 
4169 3923 3981 4029 4034 4042 4046 4047 4046 4061 4078 4065 4075 4102 4095 4108 4102 4121 4154 4173 4171 4151 4142 4135 4122 4015 4099 
4163 3921 3982 4023 4018 4013 4037 4029 4020 4032 4034 4077 4084 4077 4074 4099 4084 4101 4117 4151 4146 4140 4127 4128 4097 4009 4041 
4170 3959 4003 4023 4032 4003 4040 4042 4050 4053 4081 4087 4098 4112 4092 4124 4098 4107 4127 4167 4162 4145 4143 4145 4082 4029 4036 
4206 3996 4041 4058 4052 4036 4072 4087 4084 4087 4116 4125 4132 4139 4146 4149 4155 4144 4157 4193 4181 4156 4158 4181 4091 4036 4127 
4199 3982 4033 4071 4041 4050 4065 4080 4084 4074 4099 4133 4138 4135 4151 4151 4148 4160 4167 4175 4176 4164 4171 4169 4095 4029 4083 
4202 3983 4028 4088 4115 4079 4114 4138 4129 4127 4144 4150 4176 4173 4188 4198 4207 4192 4221 4213 4224 4227 4222 4212 4156 4087 4151 
4235 3986 4050 4120 4125 4135 4148 4155 4153 4168 4184 4179 4205 4210 4211 4231 4235 4232 4220 4219 4226 4262 4233 4248 4156 4088 4174 
4192 3948 4030 4111 4132 4134 4126 4134 4151 4165 4152 4168 4208 4211 4229 4216 4224 4208 4206 4230 4231 4227 4212 4191 4137 4084 4181 
4283 3983 4052 4129 4173 4184 4174 4173 4187 4205 4215 4213 4249 4278 4276 4264 4247 4249 4247 4259 4249 4265 4231 4226 4176 4138 4257 
4270 3977 4071 4126 4185 4200 4206 4192 4201 4211 4236 4225 4265 4280 4276 4272 4247 4256 4243 4259 4256 4275 4244 4234 4201 4179 4227 
4216 3965 4047 4157 4168 4191 4200 4206 4219 4237 4216 4239 4246 4261 4256 4276 4277 4267 4254 4257 4246 4257 4247 4227 4209 4159 4180 
3976 3787 3965 4073 4111 4140 4148 4162 4188 4171 4184 4189 4198 4221 4207 4221 4236 4254 4217 4214 4215 4205 4223 4226 4106 3878 3885 
4237 3634 3940 4104 4137 4142 4161 4166 4179 4203 4201 4223 4221 4205 4214 4215 4244 4281 4252 4234 4211 4253 4250 4256 4010 3837 4070 
4217 3510 3852 4051 4069 4046 4099 4122 4114 4139 4137 4154 4143 4138 4120 4148 4176 4227 4194 4159 4128 4170 4211 4197 3916 3763 4029 
*
cv_b0: 4008 3822 3858 3925 4014 4001 4055 4092 4125 4058 4109 4128 4121 4084 4092 4116 4105 4102 4127 4115 4107 4127 4082 4017 3959 3858 3965 
3811 3578 3631 3762 3817 3836 3917 3942 3936 3940 3929 3942 3934 3928 3920 3946 3906 3899 3934 3950 3942 3953 3877 3867 3807 3767 3836 
3862 3591 3698 3799 3843 3872 3881 3916 3913 3910 3919 3960 3943 3939 3956 3945 3925 3950 3942 3939 3945 3956 3899 3892 3843 3782 3855 
3963 3684 3823 3957 3921 3928 3916 3912 3914 3932 3955 3947 3966 3979 3991 3996 4005 4026 4004 4010 3989 4001 3965 3970 3890 3815 3905 
3976 3772 3893 4016 3983 3967 3982 3989 3985 3992 3970 4008 4017 4019 4039 4052 4041 4066 4071 4052 4064 4051 4053 4044 3974 3889 3960 
3967 3774 3887 3982 3956 3922 3955 3978 3969 3966 3994 3994 4030 4033 4052 4057 4038 4027 4030 4040 4028 4014 4021 4022 3970 3911 3972 
4035 3815 3937 3951 3940 3955 3975 4006 4002 3984 4015 4037 4033 4087 4097 4101 4096 4065 4066 4068 4052 4031 4028 4062 3996 3906 3982 
4072 3847 3911 3994 4005 4030 4020 4015 4044 4054 4055 4044 4075 4102 4085 4112 4119 4135 4118 4137 4132 4079 4077 4082 4026 3942 4050 
4084 3849 3914 3981 3975 4018 4020 4018 4025 4054 4046 4047 4081 4089 4086 4101 4089 4120 4117 4107 4106 4051 4076 4058 4017 3959 4052 
4014 3850 3938 3982 4010 3996 4017 4027 4058 4053 4067 4085 4091 4112 4101 4114 4105 4103 4117 4094 4092 4086 4064 4089 4023 3980 4045 
4128 3888 3968 4027 4039 4013 4056 4060 4062 4062 4103 4114 4129 4132 4123 4130 4130 4140 4128 4156 4136 4116 4116 4114 4049 4002 4083 
4091 3884 3998 4045 4033 4017 4057 4063 4085 4052 4081 4115 4100 4125 4130 4126 4126 4142 4136 4112 4146 4137 4120 4112 4025 3989 4051 
4103 3889 3992 4073 4081 4057 4102 4138 4119 4119 4130 4166 4164 4170 4176 4196 4192 4202 4203 4200 4182 4197 4169 4135 4053 4033 4085 
4128 3869 3991 4072 4073 4095 4110 4110 4135 4144 4144 4197 4196 4177 4204 4225 4226 4213 4194 4207 4201 4174 4152 4149 4049 4001 4128 
4154 3887 3993 4030 4040 4042 4070 4120 4118 4145 4121 4159 4179 4210 4224 4215 4218 4158 4176 4208 4231 4222 4172 4138 4059 4023 4097 
4117 3920 3987 4103 4103 4111 4128 4149 4160 4158 4184 4192 4203 4248 4267 4233 4246 4222 4221 4246 4240 4264 4224 4204 4104 4054 4145 
4219 3947 4019 4077 4091 4109 4137 4127 4165 4163 4169 4200 4243 4269 4266 4257 4222 4202 4194 4235 4245 4204 4196 4161 4140 4064 4121 
4168 3876 4004 4108 4107 4132 4139 4134 4147 4167 4171 4218 4216 4239 4257 4269 4228 4201 4206 4199 4214 4183 4179 4174 4096 4035 4079 
3916 3712 3915 4066 4064 4062 4086 4094 4121 4115 4153 4131 4173 4190 4215 4203 4183 4199 4211 4179 4190 4147 4143 4117 3970 3814 3805 
4181 3591 3893 4050 4077 4060 4087 4079 4107 4121 4168 4168 4168 4187 4190 4155 4167 4188 4201 4189 4189 4115 4127 4110 3900 3777 4056 
4107 3473 3862 3953 3983 4019 4033 4045 4050 4104 4069 4109 4109 4170 4127 4127 4149 4094 4152 4167 4091 4104 4069 4074 3798 3696 4028 
*
