cv_r0: 14633 13981 12480 11202 10242 9495 8995 8559 8123 7763 7508 7323 7189 7123 7134 7223 7390 7639 7986 8407 8840 9324 9971 10748 11615 12534 12935 
14261 13620 12143 10901 9994 9276 8766 8323 7893 7537 7276 7086 6956 6897 6912 7002 7166 7409 7745 8159 8604 9108 9745 10496 11370 12323 12737 
13254 12639 11219 10077 9325 8691 8151 7683 7273 6928 6646 6441 6325 6284 6312 6408 6562 6786 7093 7483 7964 8528 9137 9812 10713 11765 12222 
12239 11661 10324 9279 8646 8075 7516 7033 6638 6303 6009 5796 5691 5664 5700 5798 5944 6152 6438 6809 7317 7925 8508 9118 10031 11151 11636 
11558 11030 9812 8826 8175 7593 7050 6577 6182 5851 5571 5370 5270 5243 5272 5361 5501 5708 5998 6376 6879 7473 8042 8635 9517 10597 11065 
11012 10539 9449 8509 7791 7173 6655 6204 5804 5473 5216 5035 4936 4903 4920 4996 5135 5345 5648 6037 6520 7081 7644 8243 9083 10085 10520 
10528 10096 9103 8209 7467 6835 6328 5886 5489 5163 4918 4745 4644 4606 4614 4685 4831 5051 5348 5724 6188 6729 7300 7924 8752 9715 10133 
10125 9725 8807 7954 7209 6574 6069 5632 5242 4923 4682 4511 4405 4361 4364 4433 4594 4827 5107 5453 5895 6423 7016 7682 8517 9461 9872 
9859 9473 8588 7758 7024 6394 5887 5452 5072 4759 4514 4338 4236 4195 4198 4267 4430 4664 4934 5265 5696 6217 6817 7499 8328 9250 9651 
9746 9351 8443 7612 6906 6293 5783 5348 4985 4679 4414 4224 4137 4116 4126 4195 4343 4559 4828 5164 5599 6122 6710 7368 8168 9057 9444 
9725 9320 8389 7555 6872 6272 5753 5314 4961 4659 4380 4181 4105 4096 4113 4184 4320 4522 4794 5140 5578 6100 6677 7317 8099 8970 9349 
9746 9350 8439 7620 6945 6342 5805 5350 4984 4679 4415 4226 4139 4118 4137 4212 4352 4559 4841 5196 5626 6131 6712 7368 8167 9057 9444 
9859 9471 8581 7772 7095 6482 5926 5452 5069 4759 4515 4341 4237 4198 4216 4297 4446 4663 4959 5324 5744 6229 6817 7499 8327 9250 9651 
10125 9723 8801 7966 7273 6648 6084 5607 5231 4925 4677 4497 4389 4348 4372 4461 4610 4826 5130 5506 5924 6404 6991 7677 8521 9469 9881 
10528 10095 9101 8214 7492 6852 6289 5821 5466 5169 4902 4704 4598 4566 4600 4698 4841 5051 5359 5744 6169 6652 7234 7910 8763 9734 10156 
11008 10536 9451 8512 7794 7160 6599 6131 5769 5466 5191 4989 4887 4858 4892 4988 5133 5345 5654 6041 6472 6964 7550 8227 9084 10061 10486 
11523 11008 9821 8847 8181 7585 7031 6549 6142 5807 5542 5355 5258 5229 5245 5325 5479 5706 6011 6389 6827 7335 7935 8625 9479 10439 10857 
12239 11661 10324 9279 8646 8076 7522 7027 6583 6224 5970 5797 5700 5664 5666 5735 5903 6149 6449 6816 7262 7788 8407 9114 9968 10915 11327 
13460 12768 11169 9957 9283 8691 8120 7617 7177 6825 6578 6406 6292 6241 6242 6319 6512 6784 7078 7430 7887 8439 9080 9810 10678 11632 12047 
14712 13903 12032 10639 9904 9275 8682 8174 7752 7416 7176 7000 6865 6796 6801 6893 7112 7408 7698 8034 8503 9079 9743 10493 11378 12345 12766 
15169 14318 12348 10889 10134 9493 8892 8383 7965 7634 7396 7220 7078 7003 7008 7105 7333 7639 7927 8258 8731 9316 9988 10746 11637 12608 13031 
*
cv_gr0: 12454 11816 10342 9189 8481 7913 7460 7095 6806 6578 6402 6282 6225 6213 6226 6284 6410 6584 6777 7013 7328 7723 8246 8883 9653 10511 10884 
12105 11491 10071 8962 8282 7734 7295 6937 6652 6427 6253 6134 6072 6056 6070 6130 6255 6428 6617 6849 7159 7549 8059 8678 9438 10292 10664 
11155 10605 9332 8341 7740 7250 6846 6512 6238 6019 5852 5734 5660 5632 5648 5714 5838 6006 6186 6403 6701 7076 7549 8117 8852 9702 10072 
10211 9726 8605 7732 7202 6763 6390 6075 5814 5602 5440 5320 5237 5200 5219 5289 5411 5573 5747 5956 6246 6608 7045 7561 8263 9094 9454 
9601 9164 8156 7359 6858 6435 6068 5760 5514 5311 5142 5015 4933 4898 4920 4989 5103 5259 5440 5662 5958 6318 6731 7208 7864 8642 8980 
9134 8738 7824 7085 6595 6175 5805 5500 5265 5069 4891 4756 4679 4651 4673 4741 4846 4995 5188 5430 5735 6096 6494 6940 7548 8264 8575 
8751 8385 7542 6849 6370 5956 5593 5290 5052 4853 4674 4540 4463 4436 4457 4522 4627 4775 4974 5222 5526 5881 6274 6713 7295 7973 8267 
8464 8120 7327 6666 6193 5786 5434 5132 4880 4669 4495 4366 4290 4260 4277 4340 4448 4602 4801 5047 5343 5690 6087 6537 7110 7764 8048 
8275 7943 7177 6536 6075 5675 5325 5022 4760 4544 4372 4247 4174 4146 4158 4216 4325 4483 4683 4929 5221 5561 5957 6410 6978 7621 7901 
8190 7859 7094 6462 6021 5628 5269 4957 4697 4482 4309 4186 4123 4102 4107 4154 4262 4421 4626 4876 5166 5501 5890 6333 6899 7545 7826 
8182 7846 7071 6438 6011 5624 5257 4940 4680 4466 4291 4169 4112 4096 4096 4138 4244 4403 4611 4864 5154 5487 5870 6306 6874 7531 7816 
8236 7894 7104 6461 6029 5644 5285 4971 4703 4482 4308 4186 4124 4104 4108 4154 4261 4419 4624 4876 5168 5504 5890 6331 6909 7580 7871 
8357 8006 7195 6535 6092 5705 5357 5048 4772 4544 4370 4247 4175 4148 4159 4216 4324 4481 4682 4929 5222 5563 5956 6406 6998 7685 7983 
8535 8174 7341 6667 6218 5827 5478 5169 4892 4663 4491 4366 4285 4252 4272 4341 4454 4612 4808 5047 5337 5678 6074 6531 7127 7817 8117 
8774 8402 7545 6854 6401 6005 5647 5334 5062 4838 4666 4539 4448 4409 4441 4524 4644 4804 4994 5224 5507 5843 6242 6706 7302 7986 8283 
9127 8731 7818 7092 6630 6226 5857 5538 5271 5052 4883 4756 4662 4621 4652 4736 4859 5022 5211 5438 5718 6053 6457 6932 7551 8268 8579 
9572 9139 8140 7362 6892 6482 6099 5773 5511 5300 5136 5015 4928 4887 4902 4968 5088 5254 5449 5684 5965 6300 6709 7196 7869 8672 9020 
10211 9725 8601 7739 7240 6809 6408 6073 5812 5602 5440 5320 5239 5200 5204 5257 5373 5539 5741 5985 6272 6612 7039 7555 8288 9173 9557 
11301 10725 9395 8378 7794 7309 6883 6533 6259 6039 5862 5733 5649 5614 5629 5693 5804 5962 6167 6420 6719 7080 7556 8142 8934 9871 10278 
12423 11756 10213 9034 8355 7809 7359 6993 6703 6468 6274 6132 6044 6013 6046 6127 6233 6381 6587 6849 7162 7546 8077 8739 9584 10555 10977 
12833 12132 10512 9274 8561 7993 7534 7162 6867 6627 6427 6280 6191 6161 6200 6287 6391 6536 6742 7007 7325 7717 8268 8958 9823 10809 11237 
*
cv_gb0: 12522 11877 10387 9209 8462 7875 7433 7078 6789 6561 6388 6264 6181 6144 6155 6218 6341 6515 6722 6976 7295 7687 8207 8838 9593 10429 10793 
12170 11549 10115 8984 8271 7707 7275 6925 6639 6413 6242 6118 6035 5998 6008 6069 6193 6367 6570 6820 7136 7525 8028 8635 9383 10226 10593 
11213 10657 9372 8368 7751 7252 6848 6513 6234 6012 5846 5725 5643 5604 5610 5668 5793 5968 6162 6397 6707 7087 7542 8079 8813 9681 10058 
10260 9771 8641 7763 7235 6794 6412 6090 5819 5602 5439 5320 5239 5200 5203 5257 5382 5556 5743 5969 6272 6643 7057 7534 8243 9114 9491 
9642 9203 8189 7393 6904 6484 6104 5783 5521 5310 5145 5024 4946 4910 4913 4964 5082 5250 5441 5672 5972 6332 6737 7203 7870 8677 9027 
9168 8771 7854 7122 6650 6235 5851 5527 5274 5067 4897 4772 4698 4666 4671 4721 4832 4992 5189 5431 5729 6081 6489 6959 7581 8306 8621 
8781 8415 7570 6885 6429 6021 5638 5315 5066 4860 4683 4553 4478 4449 4462 4520 4626 4780 4980 5229 5529 5880 6283 6741 7340 8033 8334 
8496 8150 7354 6700 6251 5848 5469 5149 4901 4693 4508 4370 4292 4265 4290 4362 4467 4615 4817 5070 5376 5732 6125 6565 7156 7850 8151 
8307 7975 7211 6578 6135 5735 5359 5040 4788 4576 4386 4246 4169 4146 4174 4248 4353 4500 4703 4958 5267 5627 6016 6447 7032 7721 8021 
8220 7896 7147 6525 6089 5692 5316 4992 4733 4514 4322 4183 4118 4101 4118 4178 4283 4436 4640 4894 5204 5565 5957 6392 6971 7646 7940 
8211 7887 7140 6519 6082 5686 5311 4987 4720 4496 4304 4168 4109 4096 4104 4154 4261 4419 4624 4878 5186 5545 5941 6384 6960 7624 7913 
8264 7935 7177 6544 6094 5692 5326 5007 4739 4514 4327 4193 4123 4101 4116 4176 4289 4450 4657 4911 5213 5564 5963 6415 6991 7648 7933 
8386 8047 7266 6613 6144 5736 5379 5068 4800 4576 4395 4262 4178 4146 4171 4246 4364 4527 4736 4989 5284 5626 6028 6489 7069 7727 8013 
8563 8215 7412 6741 6261 5848 5492 5183 4915 4691 4511 4378 4295 4265 4292 4369 4487 4649 4855 5105 5399 5741 6140 6600 7192 7873 8169 
8801 8442 7615 6926 6438 6019 5660 5349 5080 4856 4673 4542 4470 4449 4474 4543 4657 4815 5015 5262 5558 5905 6299 6749 7361 8084 8397 
9157 8775 7894 7169 6669 6240 5871 5555 5288 5068 4888 4759 4688 4666 4687 4754 4865 5020 5219 5464 5764 6117 6511 6961 7602 8374 8709 
9607 9192 8233 7459 6947 6507 6118 5793 5534 5324 5157 5033 4945 4905 4926 4996 5106 5260 5460 5707 6011 6369 6769 7229 7908 8741 9102 
10254 9785 8703 7844 7299 6835 6425 6090 5837 5635 5475 5351 5252 5200 5218 5289 5399 5556 5759 6013 6323 6690 7108 7594 8316 9204 9589 
11354 10788 9481 8456 7822 7304 6874 6532 6278 6073 5899 5767 5678 5637 5647 5707 5820 5985 6200 6468 6790 7174 7636 8184 8956 9885 10288 
12487 11819 10277 9075 8342 7765 7319 6970 6713 6502 6308 6165 6094 6070 6070 6116 6233 6408 6636 6920 7255 7656 8167 8784 9603 10561 10977 
12900 12195 10568 9302 8534 7935 7483 7132 6874 6661 6460 6313 6248 6230 6226 6268 6385 6565 6797 7086 7426 7833 8362 9004 9840 10811 11232 
*
cv_b0: 12659 12006 10499 9285 8479 7833 7330 6946 6681 6480 6313 6198 6140 6127 6143 6201 6315 6480 6687 6952 7304 7738 8248 8850 9719 10774 11232 
12252 11628 10190 9032 8265 7649 7169 6799 6539 6340 6175 6060 6000 5984 5997 6055 6172 6340 6546 6805 7142 7555 8055 8651 9497 10518 10961 
11129 10588 9340 8337 7679 7148 6732 6403 6156 5962 5803 5688 5622 5597 5604 5659 5785 5964 6168 6413 6703 7054 7525 8108 8893 9820 10222 
10061 9596 8524 7665 7105 6652 6293 6000 5764 5573 5418 5305 5232 5200 5203 5257 5388 5570 5772 6005 6262 6567 7008 7566 8288 9124 9488 
9508 9076 8079 7281 6759 6335 6000 5720 5483 5289 5136 5023 4950 4918 4925 4980 5099 5268 5464 5697 5968 6289 6706 7213 7887 8678 9021 
9146 8733 7779 7013 6507 6096 5770 5493 5250 5051 4897 4784 4711 4681 4694 4752 4857 5008 5198 5435 5735 6090 6487 6938 7571 8331 8660 
8739 8359 7483 6772 6293 5899 5582 5307 5057 4851 4695 4581 4502 4467 4483 4545 4654 4806 4994 5228 5530 5890 6274 6701 7299 8013 8324 
8348 8009 7225 6580 6130 5752 5441 5164 4906 4692 4533 4414 4325 4282 4299 4368 4491 4658 4847 5072 5363 5708 6087 6513 7080 7744 8032 
8102 7787 7062 6458 6028 5657 5339 5055 4794 4578 4414 4293 4202 4160 4178 4249 4375 4544 4737 4966 5248 5580 5960 6391 6942 7573 7847 
8021 7714 7009 6418 5994 5617 5276 4978 4721 4509 4340 4216 4138 4107 4128 4197 4306 4460 4663 4911 5190 5510 5896 6344 6895 7514 7784 
8030 7722 7010 6415 5993 5611 5251 4942 4690 4482 4309 4184 4116 4096 4120 4186 4281 4421 4632 4896 5175 5489 5879 6337 6893 7510 7779 
8094 7771 7026 6414 5993 5615 5259 4951 4699 4489 4317 4193 4128 4109 4133 4197 4292 4432 4643 4909 5194 5514 5899 6344 6895 7514 7784 
8233 7889 7094 6451 6026 5652 5307 5008 4755 4544 4372 4249 4182 4162 4185 4250 4351 4496 4704 4962 5253 5584 5963 6391 6942 7573 7847 
8456 8092 7251 6574 6129 5748 5412 5125 4884 4680 4500 4367 4293 4269 4296 4368 4479 4634 4831 5073 5357 5687 6071 6512 7085 7745 8032 
8762 8377 7488 6771 6293 5897 5570 5297 5079 4885 4693 4543 4457 4427 4460 4544 4671 4837 5021 5238 5505 5826 6225 6698 7310 8016 8323 
9155 8740 7782 7012 6507 6096 5768 5498 5281 5089 4898 4750 4664 4635 4667 4750 4881 5049 5227 5435 5698 6017 6423 6914 7565 8328 8659 
9591 9140 8099 7276 6756 6335 5998 5715 5472 5269 5101 4979 4914 4896 4916 4980 5095 5252 5435 5656 5928 6254 6652 7129 7815 8646 9007 
10267 9755 8573 7654 7098 6652 6298 5996 5723 5507 5357 5258 5210 5200 5210 5258 5360 5509 5700 5938 6225 6567 6975 7464 8196 9103 9495 
11533 10899 9435 8314 7662 7153 6764 6438 6144 5914 5759 5660 5610 5600 5610 5660 5765 5920 6118 6368 6678 7055 7528 8101 8920 9912 10342 
12861 12098 10334 8996 8237 7659 7233 6883 6572 6329 6163 6055 5998 5984 5998 6055 6169 6333 6538 6798 7131 7547 8096 8771 9679 10748 11213 
13343 12533 10661 9244 8448 7845 7405 7046 6729 6481 6312 6201 6142 6127 6142 6201 6317 6485 6693 6956 7298 7728 8303 9014 9955 11054 11531 
*
