cv_r0: 13684 13041 11555 10407 9730 9139 8584 8111 7725 7418 7187 7030 6943 6929 6994 7126 7303 7542 7857 8248 8732 9303 9900 10597 11932 13731 14508 
13263 12655 11250 10151 9480 8894 8350 7884 7496 7188 6964 6812 6724 6708 6772 6902 7079 7318 7636 8031 8510 9071 9668 10363 11633 13317 14045 
12097 11589 10416 9456 8801 8229 7719 7271 6875 6564 6358 6222 6132 6110 6170 6297 6471 6710 7040 7448 7910 8439 9037 9733 10819 12181 12771 
11011 10585 9603 8760 8122 7562 7072 6640 6250 5945 5751 5623 5531 5504 5560 5684 5858 6099 6433 6843 7296 7808 8404 9089 10007 11084 11551 
10510 10092 9127 8299 7674 7114 6603 6171 5827 5555 5352 5209 5111 5079 5134 5260 5444 5692 6001 6380 6849 7397 7981 8621 9467 10448 10874 
10225 9790 8787 7940 7325 6761 6218 5782 5491 5256 5038 4873 4770 4738 4792 4919 5114 5368 5649 5992 6481 7071 7644 8240 9057 10021 10439 
9862 9442 8477 7651 7034 6470 5931 5500 5218 4988 4762 4592 4496 4471 4523 4644 4834 5085 5372 5722 6199 6771 7348 7961 8776 9723 10135 
9495 9109 8224 7439 6812 6249 5737 5318 5014 4764 4535 4370 4292 4282 4330 4440 4614 4854 5171 5557 6001 6512 7105 7780 8621 9570 9983 
9289 8918 8066 7296 6658 6092 5597 5184 4865 4604 4380 4224 4159 4158 4202 4304 4466 4697 5024 5427 5859 6345 6949 7656 8506 9450 9860 
9282 8899 8020 7227 6572 5997 5503 5091 4767 4508 4301 4161 4102 4102 4144 4241 4395 4616 4929 5321 5768 6282 6892 7589 8426 9350 9752 
9339 8941 8025 7211 6552 5975 5478 5064 4735 4476 4281 4153 4096 4096 4136 4230 4382 4599 4899 5277 5740 6283 6893 7573 8397 9310 9707 
9383 8974 8035 7220 6593 6036 5537 5115 4774 4505 4304 4174 4120 4122 4160 4253 4412 4639 4938 5312 5778 6325 6926 7590 8414 9338 9740 
9471 9055 8098 7289 6700 6166 5664 5233 4881 4600 4389 4251 4195 4199 4236 4330 4500 4740 5044 5418 5883 6427 7015 7663 8491 9437 9848 
9632 9222 8278 7475 6884 6345 5836 5401 5053 4776 4563 4420 4351 4344 4386 4489 4664 4907 5214 5592 6063 6611 7191 7822 8654 9618 10037 
9864 9469 8559 7763 7142 6579 6059 5625 5292 5028 4819 4671 4580 4555 4605 4723 4898 5139 5450 5836 6314 6870 7443 8061 8898 9879 10305 
10262 9854 8916 8095 7454 6879 6356 5922 5594 5332 5126 4976 4873 4839 4896 5024 5200 5441 5763 6161 6634 7176 7750 8380 9235 10242 10679 
10834 10379 9333 8451 7811 7244 6730 6297 5954 5680 5471 5321 5221 5191 5255 5390 5569 5814 6160 6579 7023 7515 8096 8767 9641 10651 11090 
11564 11052 9872 8908 8254 7683 7172 6739 6386 6105 5896 5751 5656 5632 5695 5828 6008 6257 6617 7051 7477 7941 8542 9266 10224 11343 11829 
12618 12039 10704 9625 8906 8296 7767 7330 6988 6721 6522 6385 6298 6273 6319 6432 6607 6855 7204 7632 8081 8590 9235 10027 11227 12719 13366 
13662 13021 11540 10345 9553 8894 8342 7901 7576 7327 7142 7013 6934 6908 6932 7020 7188 7434 7765 8178 8662 9237 9932 10789 12262 14182 15012 
14048 13382 11847 10610 9792 9115 8555 8113 7794 7552 7370 7245 7169 7143 7159 7238 7404 7649 7974 8383 8878 9475 10188 11070 12640 14711 15606 
*
cv_gr0: 11923 11356 10047 9019 8381 7867 7456 7120 6850 6632 6457 6335 6272 6261 6295 6382 6533 6739 6987 7291 7674 8141 8683 9350 10589 12243 12958 
11567 11025 9774 8791 8179 7683 7283 6955 6687 6470 6296 6175 6115 6104 6136 6220 6371 6578 6820 7116 7493 7953 8485 9135 10305 11852 12521 
10587 10116 9027 8167 7627 7183 6816 6508 6247 6034 5863 5746 5691 5684 5707 5781 5933 6141 6369 6644 7003 7442 7946 8547 9525 10774 11315 
9643 9238 8303 7559 7081 6680 6340 6047 5795 5587 5420 5305 5254 5248 5267 5335 5488 5695 5912 6168 6511 6929 7407 7965 8771 9752 10178 
9102 8734 7885 7196 6734 6340 5998 5707 5463 5263 5101 4988 4930 4919 4946 5024 5176 5379 5593 5845 6179 6585 7054 7598 8342 9223 9606 
8737 8392 7597 6937 6472 6070 5719 5424 5188 4995 4838 4725 4657 4640 4678 4770 4921 5118 5334 5589 5917 6313 6778 7319 8044 8893 9262 
8455 8125 7366 6725 6257 5852 5505 5212 4972 4779 4627 4517 4442 4419 4462 4559 4704 4894 5119 5386 5707 6086 6541 7075 7774 8584 8936 
8275 7952 7209 6573 6097 5691 5354 5065 4816 4615 4468 4362 4283 4255 4298 4396 4531 4713 4951 5239 5553 5910 6354 6879 7557 8338 8677 
8129 7813 7085 6459 5983 5578 5248 4961 4705 4498 4349 4244 4172 4147 4186 4276 4408 4589 4831 5125 5440 5795 6233 6749 7411 8172 8502 
8003 7695 6986 6376 5913 5516 5187 4899 4639 4426 4265 4157 4108 4103 4127 4197 4334 4525 4757 5036 5365 5745 6187 6692 7343 8091 8417 
7949 7645 6945 6345 5892 5501 5170 4879 4618 4402 4233 4122 4088 4096 4110 4168 4311 4511 4734 5001 5339 5739 6183 6680 7329 8078 8404 
7999 7691 6979 6373 5921 5529 5190 4895 4636 4424 4263 4155 4106 4101 4123 4195 4341 4540 4766 5034 5367 5758 6197 6692 7351 8122 8457 
8125 7808 7077 6458 6002 5604 5256 4957 4701 4496 4348 4243 4169 4145 4182 4273 4421 4618 4849 5122 5446 5821 6253 6749 7428 8231 8579 
8287 7967 7230 6604 6139 5734 5381 5080 4829 4627 4477 4369 4292 4266 4306 4402 4550 4747 4980 5256 5577 5948 6379 6877 7575 8410 8772 
8496 8176 7440 6808 6332 5918 5562 5261 5015 4815 4654 4539 4471 4454 4491 4581 4729 4926 5159 5436 5759 6134 6567 7070 7789 8659 9036 
8841 8500 7716 7054 6569 6151 5790 5486 5242 5042 4878 4762 4703 4692 4724 4807 4953 5149 5378 5651 5980 6365 6810 7326 8069 8970 9361 
9312 8927 8039 7320 6841 6427 6060 5751 5502 5303 5148 5042 4988 4978 5004 5078 5219 5411 5629 5891 6227 6632 7097 7636 8386 9282 9670 
9958 9515 8492 7687 7190 6767 6391 6076 5821 5620 5470 5370 5320 5312 5332 5400 5538 5728 5941 6199 6547 6973 7465 8039 8862 9859 10292 
10988 10465 9254 8309 7730 7258 6870 6549 6288 6079 5916 5806 5759 5756 5775 5841 5983 6180 6404 6679 7045 7496 8023 8661 9728 11105 11701 
12035 11432 10037 8946 8272 7743 7341 7015 6748 6530 6349 6226 6181 6183 6203 6270 6417 6624 6865 7161 7545 8020 8581 9285 10631 12445 13230 
12419 11786 10323 9178 8472 7922 7515 7187 6918 6697 6510 6382 6338 6342 6361 6429 6578 6788 7035 7338 7729 8212 8787 9515 10959 12929 13780 
*
cv_gb0: 11979 11385 10012 8971 8387 7899 7460 7102 6831 6616 6440 6318 6256 6246 6280 6365 6508 6707 6952 7257 7638 8104 8681 9399 10602 12158 12831 
11621 11056 9751 8756 8190 7714 7286 6936 6668 6454 6282 6161 6098 6086 6120 6205 6350 6548 6789 7086 7459 7916 8481 9180 10318 11773 12402 
10639 10155 9036 8168 7651 7211 6816 6486 6227 6019 5855 5739 5672 5654 5687 5772 5920 6118 6345 6620 6972 7405 7940 8588 9540 10708 11214 
9692 9283 8339 7590 7116 6707 6340 6029 5775 5572 5415 5305 5236 5216 5249 5335 5483 5680 5895 6153 6487 6895 7397 7994 8784 9706 10107 
9156 8785 7929 7235 6769 6368 6013 5709 5452 5247 5095 4991 4927 4912 4951 5040 5182 5371 5587 5845 6169 6559 7034 7596 8341 9212 9590 
8791 8442 7637 6971 6504 6101 5751 5449 5187 4977 4827 4728 4672 4666 4710 4801 4937 5117 5337 5603 5922 6298 6751 7287 8031 8919 9304 
8477 8145 7381 6742 6287 5890 5543 5241 4977 4765 4611 4509 4459 4457 4498 4586 4720 4901 5124 5394 5711 6080 6526 7051 7771 8627 8998 
8242 7921 7180 6563 6125 5739 5390 5086 4823 4609 4445 4336 4290 4291 4324 4403 4540 4727 4954 5227 5544 5915 6364 6891 7582 8384 8732 
8084 7770 7047 6442 6009 5624 5275 4971 4710 4497 4329 4216 4173 4176 4204 4278 4414 4604 4837 5116 5438 5810 6259 6782 7450 8216 8549 
8002 7695 6987 6384 5935 5541 5192 4890 4634 4425 4262 4153 4111 4114 4143 4215 4346 4531 4773 5067 5397 5773 6214 6722 7376 8128 8454 
7998 7691 6982 6374 5915 5513 5163 4863 4609 4403 4244 4138 4094 4096 4126 4200 4328 4510 4758 5061 5396 5775 6212 6711 7361 8110 8436 
8087 7766 7025 6403 5956 5561 5208 4903 4646 4438 4277 4167 4116 4112 4143 4221 4356 4545 4787 5080 5412 5792 6238 6751 7409 8164 8493 
8242 7902 7118 6479 6049 5665 5307 4997 4736 4524 4358 4244 4184 4174 4207 4290 4435 4631 4864 5142 5468 5849 6306 6837 7513 8286 8622 
8395 8049 7251 6605 6178 5796 5438 5127 4867 4655 4488 4372 4308 4297 4335 4425 4572 4767 4997 5270 5595 5976 6429 6958 7655 8466 8819 
8568 8224 7429 6782 6348 5963 5605 5297 5042 4834 4666 4549 4486 4476 4524 4622 4765 4953 5183 5459 5784 6164 6605 7118 7840 8708 9084 
8890 8533 7707 7035 6582 6184 5824 5516 5264 5059 4895 4780 4716 4705 4754 4854 4998 5186 5415 5689 6016 6398 6840 7354 8103 9015 9411 
9357 8972 8084 7362 6875 6456 6090 5782 5530 5328 5173 5064 4998 4982 5021 5114 5265 5463 5689 5955 6281 6667 7125 7662 8419 9329 9723 
10003 9573 8580 7777 7243 6795 6421 6108 5853 5652 5505 5401 5333 5312 5344 5431 5585 5790 6015 6281 6612 7010 7493 8069 8898 9905 10341 
11034 10520 9334 8389 7779 7288 6900 6580 6314 6107 5960 5858 5789 5768 5803 5891 6036 6233 6466 6750 7103 7532 8055 8698 9764 11135 11729 
12083 11481 10091 8997 8311 7774 7373 7046 6767 6550 6402 6301 6232 6212 6253 6345 6478 6661 6905 7212 7590 8053 8618 9332 10668 12458 13232 
12467 11833 10369 9221 8507 7954 7548 7217 6934 6715 6566 6466 6396 6376 6419 6513 6641 6820 7067 7383 7770 8245 8825 9565 10996 12935 13773 
*
cv_b0: 12172 11548 10104 9006 8387 7850 7330 6935 6708 6536 6371 6251 6192 6176 6186 6250 6407 6626 6864 7149 7509 7957 8536 9281 10607 12358 13116 
11753 11169 9821 8784 8183 7661 7166 6786 6557 6382 6218 6100 6044 6031 6038 6098 6252 6467 6699 6977 7334 7778 8338 9049 10295 11932 12640 
10592 10125 9046 8183 7626 7149 6722 6383 6148 5963 5802 5690 5646 5641 5641 5689 5831 6033 6248 6508 6858 7292 7800 8415 9438 10753 11323 
9505 9136 8286 7578 7072 6640 6271 5968 5731 5540 5382 5274 5234 5232 5231 5273 5409 5601 5801 6043 6383 6803 7262 7791 8612 9642 10087 
8976 8626 7820 7161 6713 6318 5958 5660 5436 5255 5100 4989 4930 4913 4924 4985 5130 5326 5520 5748 6071 6469 6903 7397 8147 9076 9479 
8671 8313 7485 6835 6437 6072 5705 5404 5193 5023 4871 4754 4672 4638 4665 4750 4907 5110 5304 5525 5831 6206 6623 7105 7833 8735 9126 
8377 8032 7236 6605 6211 5854 5505 5212 4991 4810 4654 4536 4455 4425 4457 4546 4702 4903 5103 5331 5635 6001 6408 6874 7569 8422 8792 
8144 7822 7080 6468 6044 5677 5359 5079 4832 4625 4460 4343 4281 4268 4298 4379 4525 4718 4929 5177 5489 5857 6259 6715 7378 8185 8535 
7989 7677 6960 6358 5922 5553 5250 4976 4712 4493 4328 4217 4166 4162 4190 4263 4401 4589 4809 5071 5385 5748 6150 6607 7260 8050 8393 
7913 7596 6866 6263 5843 5483 5175 4896 4629 4411 4262 4164 4116 4109 4133 4202 4334 4518 4746 5018 5321 5666 6073 6549 7223 8035 8387 
7907 7582 6832 6223 5815 5461 5147 4864 4600 4388 4247 4154 4105 4096 4117 4184 4313 4496 4728 5004 5302 5640 6052 6543 7236 8069 8430 
7969 7638 6875 6256 5840 5483 5174 4898 4646 4437 4274 4164 4114 4109 4132 4200 4332 4518 4744 5015 5329 5692 6107 6587 7272 8099 8458 
8096 7759 6981 6347 5916 5553 5247 4980 4744 4538 4350 4216 4164 4162 4188 4261 4399 4588 4805 5066 5401 5797 6217 6683 7356 8173 8527 
8272 7928 7132 6485 6048 5675 5353 5080 4857 4663 4477 4341 4277 4267 4303 4389 4530 4716 4928 5184 5519 5920 6352 6835 7516 8334 8688 
8503 8149 7332 6672 6234 5849 5496 5207 4994 4818 4655 4531 4448 4421 4472 4578 4718 4899 5108 5360 5682 6069 6519 7042 7746 8573 8933 
8843 8467 7601 6908 6460 6068 5705 5411 5198 5026 4875 4759 4673 4642 4697 4806 4943 5117 5323 5573 5891 6277 6749 7308 8052 8925 9304 
9255 8850 7914 7175 6711 6320 5982 5699 5473 5288 5133 5021 4953 4935 4979 5071 5198 5364 5561 5806 6132 6537 7030 7616 8409 9345 9751 
9899 9440 8380 7554 7052 6649 6325 6050 5805 5604 5446 5338 5286 5280 5311 5384 5503 5667 5867 6120 6462 6888 7407 8031 8930 10023 10497 
11090 10523 9213 8207 7618 7160 6815 6523 6257 6044 5892 5792 5740 5732 5753 5819 5937 6109 6341 6636 7002 7450 8007 8700 9844 11314 11951 
12340 11657 10080 8880 8195 7675 7297 6983 6696 6474 6330 6237 6182 6166 6180 6241 6360 6545 6815 7161 7553 8021 8616 9379 10790 12676 13491 
12793 12069 10395 9125 8407 7864 7475 7153 6859 6633 6492 6402 6346 6327 6339 6397 6517 6706 6990 7353 7754 8230 8839 9628 11135 13170 14049 
*
