# Exposure: 1898 Aperture: 256 Analogue_gain: 256 Digital_gain: 260

name: BROADCOM

isp_bits_per_pixel: 13

FRAME
   width: 3264
   height: 2448
   bayer_order: RGGB
   bayer_enable:
      image_input
      black_level
      lens_shading
      denoise
      *
   ycbcr_enable:
      *
END

BLACK_LEVEL
   top: 0
   bottom: 0
   left: 0
   right: 0
   dark_frame_multiplier: 0
   threshold: 128
   abscissae_r: 0 66 1023 65535 *
   ordinates_r: 0 0 8191 8191 *
   abscissae_gr: 0 67 1023 65535 *
   ordinates_gr: 0 0 8191 8191 *
   abscissae_gb: 0 67 1023 65535 *
   ordinates_gb: 0 0 8191 8191 *
   abscissae_b: 0 66 1023 65535 *
   ordinates_b: 0 0 8191 8191 *
END

IMAGE_INPUT
   stride: 4128
   format: RAW10
END

LENS_SHADING
   cell_sz_power_x: 7
   cell_sz_power_y: 7
   pitch: 27
   vpitch: 21
   cv_r:
      12320 10608 9472 8752 8272 7904 7584 7264 6976 6736 6560 6448 6416 6416 6432 6512 6640 6832 7104 7440 7728 8128 8528 9072 9904 11152 12640
      10832 9680 8816 8192 7728 7344 7056 6704 6384 6176 6032 5952 5888 5904 5904 6016 6144 6320 6576 6880 7184 7600 8064 8560 9232 10096 11024
      9840 8992 8320 7728 7264 6880 6592 6272 5968 5744 5600 5504 5456 5456 5456 5568 5728 5920 6160 6432 6768 7200 7648 8128 8720 9392 10032
      9200 8528 7920 7392 6912 6512 6208 5904 5584 5376 5232 5152 5088 5072 5104 5200 5344 5552 5808 6080 6384 6832 7280 7776 8320 8928 9472
      8784 8160 7584 7056 6576 6208 5888 5552 5280 5072 4928 4816 4752 4736 4768 4880 5040 5232 5488 5760 6096 6512 6928 7408 7968 8592 9168
      8576 7936 7360 6848 6352 5968 5632 5312 5024 4832 4672 4560 4496 4496 4512 4624 4784 4976 5248 5520 5872 6272 6672 7184 7744 8400 9056
      8352 7728 7136 6608 6144 5728 5408 5088 4816 4608 4464 4352 4304 4304 4336 4432 4592 4752 5008 5296 5616 6032 6464 6960 7536 8176 8832
      8208 7584 6992 6480 5984 5584 5216 4912 4640 4464 4320 4208 4160 4160 4176 4288 4400 4576 4832 5120 5456 5872 6304 6800 7392 8016 8640
      8080 7472 6880 6368 5904 5456 5136 4800 4560 4352 4224 4128 4080 4096 4112 4176 4336 4496 4720 5008 5328 5776 6208 6720 7264 7888 8480
      8048 7376 6784 6288 5840 5424 5072 4752 4512 4336 4176 4080 4096 4096 4080 4144 4288 4448 4672 4944 5280 5712 6160 6624 7168 7760 8336
      8096 7408 6816 6320 5840 5456 5104 4768 4544 4368 4208 4096 4080 4080 4112 4176 4336 4496 4704 4976 5296 5728 6144 6624 7184 7776 8384
      8096 7488 6880 6368 5888 5488 5136 4816 4576 4400 4224 4128 4080 4096 4128 4224 4352 4496 4720 4992 5312 5728 6144 6640 7200 7840 8512
      8192 7584 6992 6464 6000 5552 5216 4928 4688 4480 4336 4192 4144 4144 4208 4288 4416 4576 4832 5104 5424 5792 6208 6704 7296 7984 8704
      8368 7696 7104 6576 6112 5696 5360 5040 4800 4624 4448 4352 4288 4288 4320 4416 4528 4704 4960 5264 5552 5952 6368 6864 7408 8096 8768
      8576 7872 7248 6736 6272 5872 5504 5216 4976 4784 4640 4512 4464 4464 4480 4608 4704 4880 5168 5488 5792 6176 6576 7072 7600 8240 8896
      8768 8032 7424 6928 6496 6080 5744 5424 5184 5008 4848 4736 4656 4656 4688 4784 4912 5120 5344 5664 6000 6416 6800 7280 7840 8512 9232
      9024 8336 7728 7232 6768 6368 6048 5728 5504 5296 5136 5008 4944 4944 4960 5072 5200 5392 5616 5904 6256 6704 7104 7584 8160 8944 9792
      9440 8736 8096 7568 7088 6688 6368 6064 5808 5600 5456 5328 5280 5280 5328 5392 5520 5712 5936 6224 6576 6992 7440 7952 8576 9424 10400
      10080 9264 8560 7968 7440 7040 6736 6400 6176 5968 5792 5680 5648 5680 5712 5792 5904 6064 6288 6592 6912 7360 7808 8400 9088 9984 10960
      11072 10048 9168 8432 7824 7424 7152 6848 6592 6368 6208 6128 6128 6176 6192 6288 6336 6480 6752 7104 7376 7776 8304 8960 9744 10624 11504
      11632 10416 9312 8464 7776 7360 7152 6912 6656 6448 6320 6256 6304 6368 6400 6432 6432 6560 6928 7312 7472 7760 8336 9104 9904 10656 10576
   *
   cv_gr:
      10848 9392 8384 7712 7264 6912 6624 6368 6176 6016 5904 5808 5744 5744 5776 5872 5968 6096 6304 6544 6784 7120 7456 7936 8688 9808 11152
      9568 8528 7760 7200 6800 6480 6224 5984 5792 5648 5520 5440 5392 5408 5424 5504 5584 5712 5904 6112 6352 6688 7008 7440 8048 8928 9920
      8704 7904 7280 6800 6448 6144 5904 5680 5488 5344 5216 5136 5104 5120 5136 5200 5296 5424 5584 5792 6032 6336 6656 7056 7584 8304 9104
      8128 7472 6928 6512 6160 5872 5632 5424 5232 5088 4960 4880 4848 4864 4880 4960 5040 5168 5328 5520 5760 6080 6384 6752 7248 7888 8560
      7760 7152 6656 6256 5920 5632 5408 5168 5008 4864 4752 4672 4624 4624 4656 4736 4832 4944 5104 5296 5536 5840 6144 6512 6976 7568 8192
      7568 6960 6480 6096 5760 5472 5232 5008 4832 4704 4592 4496 4448 4448 4480 4560 4672 4800 4960 5136 5376 5680 5968 6336 6800 7360 7968
      7376 6784 6304 5920 5600 5328 5088 4848 4672 4544 4432 4336 4304 4288 4336 4416 4512 4624 4800 5008 5216 5504 5808 6176 6608 7136 7680
      7248 6656 6176 5808 5504 5216 4960 4752 4560 4432 4320 4240 4176 4176 4208 4288 4384 4512 4688 4880 5120 5408 5696 6048 6464 6960 7488
      7136 6576 6112 5728 5424 5136 4896 4672 4496 4352 4256 4176 4128 4112 4144 4208 4320 4448 4624 4816 5040 5344 5632 5968 6368 6848 7360
      7072 6512 6048 5680 5376 5088 4864 4624 4448 4304 4208 4128 4096 4096 4112 4176 4272 4400 4576 4768 5008 5296 5584 5904 6304 6784 7296
      7088 6528 6080 5696 5376 5104 4880 4640 4464 4304 4208 4128 4096 4096 4128 4192 4288 4416 4592 4784 5024 5312 5584 5904 6304 6800 7344
      7088 6544 6080 5712 5392 5120 4880 4656 4464 4320 4224 4160 4128 4128 4144 4208 4304 4416 4592 4800 5024 5312 5584 5920 6320 6832 7408
      7184 6608 6144 5760 5456 5168 4944 4720 4528 4384 4288 4208 4176 4176 4208 4256 4368 4496 4672 4864 5088 5376 5632 5968 6384 6928 7536
      7344 6720 6240 5856 5552 5264 5040 4816 4624 4496 4384 4320 4288 4288 4304 4368 4464 4592 4752 4960 5168 5456 5744 6096 6512 7056 7664
      7552 6896 6384 6000 5680 5408 5168 4960 4784 4640 4544 4464 4416 4416 4432 4512 4608 4736 4896 5088 5312 5600 5888 6256 6688 7232 7840
      7760 7072 6544 6160 5840 5552 5328 5104 4928 4800 4688 4608 4560 4560 4592 4672 4752 4880 5040 5232 5456 5760 6048 6400 6848 7440 8096
      8048 7344 6800 6384 6048 5760 5536 5296 5136 4992 4880 4800 4768 4768 4800 4880 4960 5072 5232 5440 5664 5968 6256 6624 7104 7744 8512
      8480 7712 7104 6656 6304 6000 5760 5536 5360 5216 5120 5040 5008 5008 5040 5104 5184 5296 5456 5680 5920 6208 6512 6912 7424 8128 8992
      9072 8176 7504 6992 6608 6304 6032 5792 5616 5488 5376 5296 5248 5264 5296 5360 5440 5552 5728 5936 6176 6512 6832 7264 7840 8640 9584
      9952 8848 8032 7456 7008 6672 6384 6128 5952 5824 5712 5648 5584 5584 5600 5680 5760 5888 6064 6288 6528 6880 7264 7760 8432 9312 10336
      10432 9136 8176 7552 7088 6720 6416 6176 6000 5872 5792 5712 5648 5632 5632 5680 5792 5952 6128 6320 6544 6896 7344 7920 8672 9568 9936
   *
   cv_b:
      10560 9008 7984 7312 6912 6592 6336 6112 5888 5744 5680 5616 5552 5520 5520 5584 5680 5808 6000 6224 6448 6784 7184 7760 8544 9616 10800
      9264 8192 7392 6848 6464 6160 5904 5696 5520 5408 5328 5248 5200 5216 5216 5312 5360 5456 5616 5808 6000 6304 6720 7200 7856 8656 9504
      8416 7584 6960 6480 6128 5824 5568 5392 5248 5152 5024 4960 4928 4944 4976 5040 5120 5200 5344 5520 5712 5984 6336 6784 7328 8000 8656
      7872 7184 6624 6208 5856 5568 5328 5152 5008 4912 4800 4736 4704 4720 4752 4816 4880 4976 5152 5312 5472 5744 6048 6464 6960 7552 8128
      7536 6864 6368 5936 5600 5344 5136 4944 4816 4704 4608 4544 4512 4528 4544 4608 4688 4800 4960 5120 5312 5552 5840 6192 6656 7200 7776
      7328 6672 6176 5792 5472 5216 5008 4816 4672 4560 4480 4400 4368 4384 4384 4448 4544 4672 4832 5008 5200 5440 5696 6032 6464 6992 7568
      7056 6496 6032 5648 5344 5104 4896 4704 4544 4448 4352 4288 4240 4256 4256 4304 4416 4528 4688 4864 5040 5280 5536 5840 6240 6736 7296
      6848 6368 5920 5568 5264 5024 4800 4624 4464 4352 4272 4208 4160 4144 4144 4224 4304 4416 4592 4752 4944 5216 5440 5728 6096 6560 7088
      6736 6272 5856 5504 5216 4944 4752 4560 4400 4288 4192 4128 4096 4096 4112 4160 4272 4384 4544 4704 4880 5152 5392 5680 6032 6480 6992
      6720 6208 5776 5440 5168 4928 4736 4528 4384 4240 4128 4080 4096 4096 4096 4144 4240 4352 4496 4672 4848 5072 5360 5648 6032 6464 6928
      6768 6240 5792 5456 5136 4928 4752 4544 4400 4256 4144 4064 4080 4080 4112 4160 4288 4400 4528 4688 4864 5104 5360 5680 6064 6512 6992
      6768 6256 5792 5456 5136 4928 4752 4560 4400 4288 4160 4096 4080 4096 4096 4176 4288 4400 4544 4704 4864 5104 5344 5696 6064 6560 7072
      6832 6304 5856 5488 5200 4960 4800 4640 4480 4320 4256 4160 4128 4128 4160 4208 4336 4464 4608 4752 4928 5152 5392 5728 6144 6656 7216
      6992 6400 5952 5584 5296 5056 4880 4688 4528 4416 4304 4256 4224 4224 4240 4304 4400 4512 4688 4848 5024 5264 5504 5840 6224 6800 7440
      7184 6576 6096 5728 5408 5168 4960 4784 4640 4528 4448 4368 4336 4352 4368 4464 4512 4640 4784 4976 5184 5424 5648 5968 6368 6960 7664
      7392 6752 6240 5872 5552 5296 5120 4928 4768 4672 4560 4480 4464 4480 4496 4576 4656 4768 4896 5072 5296 5568 5808 6128 6560 7136 7824
      7696 7024 6496 6096 5760 5488 5312 5104 4976 4848 4736 4672 4640 4656 4688 4768 4864 4960 5088 5248 5456 5744 6016 6368 6800 7376 8080
      8160 7408 6800 6368 6016 5744 5536 5360 5200 5040 4960 4880 4864 4880 4928 4960 5056 5184 5296 5440 5664 5936 6256 6656 7136 7760 8464
      8848 7888 7216 6704 6320 6032 5808 5568 5424 5296 5184 5120 5104 5120 5136 5184 5280 5392 5520 5680 5888 6224 6576 7040 7584 8304 9120
      9888 8624 7744 7152 6752 6432 6144 5888 5712 5568 5488 5440 5408 5408 5392 5440 5504 5632 5792 6000 6256 6624 7024 7536 8224 9104 10176
      10560 8992 7920 7280 6880 6480 6144 5872 5696 5568 5520 5488 5456 5440 5392 5376 5424 5568 5792 6048 6320 6704 7136 7680 8496 9568 10288
   *
   cv_gb:
      11088 9424 8336 7632 7200 6864 6576 6368 6192 6032 5888 5792 5728 5728 5760 5840 5984 6112 6288 6512 6736 7072 7424 7952 8736 9872 11184
      9600 8544 7760 7200 6784 6432 6192 5968 5760 5616 5504 5424 5360 5392 5376 5472 5568 5696 5904 6128 6352 6672 7040 7472 8080 8928 9856
      8640 7904 7312 6816 6416 6112 5872 5664 5456 5312 5168 5104 5088 5104 5088 5152 5264 5408 5584 5808 6048 6368 6688 7088 7600 8288 8992
      8064 7456 6960 6512 6144 5840 5616 5408 5184 5056 4944 4880 4848 4848 4848 4912 5008 5168 5344 5536 5776 6096 6400 6784 7248 7856 8480
      7744 7136 6656 6240 5888 5616 5408 5152 4960 4832 4736 4640 4624 4624 4624 4720 4800 4928 5104 5280 5536 5856 6144 6496 6944 7504 8112
      7584 6944 6464 6080 5728 5472 5248 5008 4784 4672 4560 4480 4448 4448 4464 4544 4656 4768 4928 5120 5392 5712 5984 6320 6768 7312 7936
      7360 6800 6320 5920 5600 5328 5088 4864 4672 4528 4416 4320 4288 4304 4336 4400 4512 4608 4784 4976 5216 5520 5808 6144 6560 7104 7696
      7200 6688 6240 5856 5520 5232 4976 4768 4560 4416 4304 4208 4176 4176 4192 4288 4368 4496 4672 4880 5120 5424 5696 6016 6448 6960 7536
      7120 6608 6160 5776 5440 5136 4912 4672 4480 4336 4224 4144 4112 4112 4128 4208 4320 4448 4624 4800 5024 5344 5616 5968 6384 6880 7392
      7072 6528 6080 5712 5408 5104 4864 4608 4464 4320 4192 4128 4096 4096 4096 4176 4272 4400 4560 4752 4976 5248 5568 5936 6368 6832 7280
      7088 6560 6096 5728 5392 5120 4880 4640 4464 4336 4224 4128 4080 4080 4128 4208 4320 4432 4592 4768 4992 5264 5584 5968 6384 6848 7312
      7072 6592 6128 5744 5392 5120 4880 4656 4464 4352 4224 4144 4112 4128 4144 4224 4320 4432 4608 4784 5008 5312 5600 5984 6384 6880 7376
      7120 6656 6208 5808 5472 5152 4944 4720 4560 4384 4304 4208 4176 4192 4224 4288 4384 4496 4672 4880 5104 5392 5680 6032 6464 6976 7520
      7328 6752 6288 5888 5568 5280 5072 4816 4624 4496 4384 4336 4304 4304 4320 4384 4464 4592 4768 4976 5200 5504 5792 6144 6560 7104 7680
      7552 6912 6400 6016 5696 5440 5184 4960 4768 4624 4544 4464 4448 4448 4464 4544 4608 4768 4928 5104 5360 5648 5936 6288 6688 7264 7888
      7792 7120 6576 6176 5840 5568 5344 5120 4912 4800 4688 4624 4576 4576 4592 4672 4768 4912 5056 5232 5472 5792 6080 6416 6880 7440 8096
      8080 7424 6880 6432 6032 5744 5536 5312 5136 4992 4912 4816 4768 4768 4800 4896 4992 5104 5248 5424 5648 5968 6256 6640 7104 7728 8432
      8496 7808 7200 6720 6288 5984 5760 5552 5392 5232 5136 5056 5008 5024 5072 5120 5216 5344 5488 5664 5888 6176 6496 6928 7440 8096 8864
      9104 8256 7584 7056 6592 6272 6032 5808 5632 5504 5376 5296 5264 5280 5328 5392 5472 5600 5744 5936 6144 6480 6832 7296 7856 8592 9424
      10000 8880 8064 7472 7056 6688 6416 6144 5968 5824 5696 5616 5584 5600 5616 5696 5760 5904 6080 6304 6544 6896 7296 7792 8448 9248 10192
      10496 9072 8112 7536 7168 6800 6448 6176 5984 5856 5760 5664 5632 5648 5648 5680 5760 5920 6144 6384 6640 7008 7424 7968 8656 9504 9888
   *
END

# N.B. stage is disabled
DISTORTION
   cell_size_x: 0
   cell_size_y: 0
   pitch: 0
   vpitch: 0
   cvx:
   *
   cvy:
   *
END

# N.B. stage is disabled
WHITE_BALANCE
   gain_r: 1.863   # 477
   gain_b: 1.539   # 394
END

# N.B. stage is disabled
GAIN
   gain: 1.016   # 260
   offset_r: 0
   offset_g: 0
   offset_b: 0
   threshold: 8191
END

# N.B. stage is disabled
CROSSTALK
   abscissae_lim: 0 1024 2048 3072 4096 65535 *
   ordinates_lim: 50 90 250 350 350 350 *
END

DENOISE
   abscissae: 0 1365 2730 4096 5461 6826 8191 65535 *
   ordinates: 31 135 199 243 287 351 455 455 *
   r_gain:  1.500
   gr_gain: 0.875
   gb_gain: 0.875
   b_gain:  2.000
   r_str:   0.500
   gr_str:  0.996
   gb_str:  0.996
   b_str:   0.500
   mask:
      0 0 0 0 0 0 0
      0 0 0 0 0 0 0
      0 0 0 0 0 0 0
      0 0 0 0 0 0 0
      0 0 0 0 0 0 0
      0 0 0 0 0 0 0
      0 0 0 0 0 0 0
      *
END

# N.B. stage is disabled
DEFECTIVE_PIXEL
   x:    0 *
   y:    0 *
   mask: 0 *
   scale_hi: 0.100 0.000 0.000
   offset_hi: 28 15894 15894
   scale_lo: 0.000 0.000 0.000
   offset_lo: -51 49 49
   replace_index_lo: 3
   replace_index_hi: 5
   replace_scale_lo: 0.801
   replace_scale_hi: 1.500
END

# N.B. stage is disabled
DEMOSAIC
   bayer_type: TRUE
   threshold_n: 128
   hv_bias: 1.000000
   g_offset_shift: 1
END

# N.B. stage is disabled
COLOUR_CORRECTION
   matrix:
      1.9233 -0.9453 0.0234
      -0.2012 1.5615 -0.3589
      0.1069 -0.6104 1.5049
   offsets: 0 0 0
END

# N.B. stage is disabled
GAMMA
   abscissae_r: 0 32 64 96 128 160 193 257 353 418 514 610 739 867 1024 1221 1574 1831 2120 2441 2762 3148 3533 3951 4626 5107 5814 6585 7324 8191 65535 *
   ordinates_r: 0 178 352 460 595 717 794 1036 1329 1483 1760 2048 2432 2752 3168 3616 4320 4768 5184 5600 5920 6272 6560 6784 7136 7328 7552 7776 7968 8191 8191 *
   abscissae_g: 0 32 64 96 128 160 193 257 353 418 514 610 739 867 1024 1221 1574 1831 2120 2441 2762 3148 3533 3951 4626 5107 5814 6585 7324 8191 65535 *
   ordinates_g: 0 178 352 460 595 717 794 1036 1329 1483 1760 2048 2432 2752 3168 3616 4320 4768 5184 5600 5920 6272 6560 6784 7136 7328 7552 7776 7968 8191 8191 *
   abscissae_b: 0 32 64 96 128 160 193 257 353 418 514 610 739 867 1024 1221 1574 1831 2120 2441 2762 3148 3533 3951 4626 5107 5814 6585 7324 8191 65535 *
   ordinates_b: 0 178 352 460 595 717 794 1036 1329 1483 1760 2048 2432 2752 3168 3616 4320 4768 5184 5600 5920 6272 6560 6784 7136 7328 7552 7776 7968 8191 8191 *
END

# N.B. stage is disabled
FALSE_COLOUR
   strength1: 0.000
   strength2: 0.000
   filter_mix_cw: 1.000
   filter_mix_lo: 0
   filter_mix_hi: 4000
   filter_desat_cw: 1.000
   filter_desat_lo: 500
   filter_desat_hi: 4000
END

# N.B. stage is disabled
SHARPEN
   x_centre: 1632
   y_centre: 1224
   pos_gain_absc: 0 1000 1600 2000 2800 65535 *
   pos_gain_ord: 1.000 1.000 1.000 0.900 0.700 0.700 *
   v_gain_absc: 0 59 198 401 3500 3935 8191 65535
   v_gain_ord: 4096 4096 3891 2306 2048 901 369 369
   resp_absc: -32768 32767 *
   resp_ord: 0 0 *
   resp1_absc: -32768 -250 -100 100 350 32767 *
   resp1_ord: -35 -35 0 0 100 100 *
   resp_gain_absc: 0 59 198 401 622 2378 3935 5131 6962 7615 8191 65535 *
   resp_gain_ord: 256 256 256 92 73 82 103 179 230 256 256 256 *
   isotropic_strength: 0.500
   avg_g_shift: 0
END

# N.B. stage is disabled
Y_G_COEFFS
   y_coeffs: 0.114 0.299
END

# N.B. stage is disabled
CHROMINANCE_STRETCH
   u_abscissae: -32768 -7266 0 7266 32767 *
   u_ordinates: 0 0 4100 8191 8191 *
   v_abscissae: -32768 -5734 0 5734 32767 *
   v_ordinates: 0 0 4100 8191 8191 *
END

# N.B. stage is disabled
TONE_MAPPING
   y_abscissae: 0 264 528 792 1056 1321 1585 1849 2113 2378 2642 2906 3170 3434 3699 3963 4227 4491 4756 5020 5284 5548 5812 6077 6341 6605 6869 7134 7398 7662 7926 8191
   y_ordinates: 0 264 528 792 1056 1321 1585 1849 2113 2378 2642 2906 3170 3434 3699 3963 4227 4491 4756 5020 5284 5548 5812 6077 6341 6605 6869 7134 7398 7662 7926 8191
END

# N.B. stage is disabled
HRESIZE
   interp_filter_mode: BICUBIC
   input_offset_x: 0
   input_offset_y: 0
   input_width: 3264
   input_height: 2448
   output_width: 3264
   output_height: 2448
END

# N.B. stage is disabled
CONVERSION
   matrix:
      8.000 0.000 0.000
      0.000 8.000 0.000
      0.000 0.000 8.000
   offsets: 0 0 0
END

# N.B. stage is disabled
HI_RES_OUTPUT
   shift: 8
   data_format: 420
   output_width: 0
END

# To ensure correct simulator bmp file output please change "profile: none" to "profile: all"
profile all
CONVERSION
   matrix:
      8.000 14.192 0.000
      8.000 -2.712 -5.720
      8.000 0.000 11.200
   offsets: -58064 34676 -45940
END

HI_RES_OUTPUT
   shift: 8
   data_format: INTERLEAVED
   output_width: 0
END
end_profile
AWB
#   awb_speed_mod_exposure:
#   n_lamp_cals: 7
#   LAMP 0
#      lamp_type:  DAYLIGHT
#      r_gain_min: 256 #1.000
#      r_gain_max: 256 #1.000
#      r_nrm_min: 0.241
#      r_nrm_max: 0.254
#   END
#   LAMP 1
#      lamp_type: CLOUDY
#      r_gain_min: 256 #1.000
#      r_gain_max: 256 #1.000
#      r_nrm_min: 0.196
#      r_nrm_max: 0.248
#   END
#   LAMP 2
#      lamp_type: TUNGSTEN
#      r_gain_min: 256 #1.000
#      r_gain_max: 256 #1.000
#      r_nrm_min: 0.326
#      r_nrm_max: 0.345
#   END
#   LAMP 3
#      lamp_type: FLOURESCENT
#      r_gain_min: 256 #1.000
#      r_gain_max: 256 #1.000
#      r_nrm_min: 0.267
#      r_nrm_max: 0.326
#   END
#   LAMP 4
#      lamp_type: SHADE
#      r_gain_min: 256 #1.000
#      r_gain_max: 256 #1.000
#      r_nrm_min: 0.130
#      r_nrm_max: 0.248
#   END
#   LAMP 5
#      lamp_type: INCANDENSCENT
#      r_gain_min: 256 #1.000
#      r_gain_max: 256 #1.000
#      r_nrm_min: 0.295
#      r_nrm_max: 0.370
#   END
#   LAMP 6
#      lamp_type: FLASH
#      r_gain_min: 256 #1.000
#      r_gain_max: 256 #1.000
#      r_nrm_min: 0.181
#      r_nrm_max: 0.201
#   END
   awb_method: METHOD_B
# BAYESIAN
   canon_sens_r: 303.0000 #77568
   canon_sens_g: 526.0000 #134656
   canon_sens_b: 283.0000 #72448
   sensor_sens_r: 117.0000 #29952
   sensor_sens_g: 222.0000 #56832
   sensor_sens_b: 129.0000 #33024
   bayes_centre_weight: 1.0000
   bayes_inter_curve_strength: 1.0000
   bayes_inter_t_pow: 2
   bayes_t_curve_n: 2
   BAYES_T 0
      qpath_a: 0.0000
      qpath_b: -0.8667
      qpath_c: 0.5040
      rmin: 0.2020
      rmax: 0.3500
      res_para: 0.0050
      res_perp: 0.0035
      std_pos:
         0	393
         46	393
         48	786
         51	786
         64	524
         68	524
         70	786
         73	786
         74	524
         90	393
         256	0
         *
      std_neg:
         0	0
         56	0
         59	131
         60	393
         61	524
         64	393
         65	524
         70	786
         72	524
         74	131
         80	262
         133	262
         256	262
         *
      ridge_prior: 0
         0	0
         64	0
         65	100
         72	100
         73	0
         255	0
         *
      ridge_prior: 1
         0	0
         58	0
         61	100
         75	100
         77	0
         256	0
         *
      ridge_prior: 2
         0	0
         49	0
         50	100
         56	100
         61	200
         67	200
         72	100
         78	100
         81	0
         87	0
         256	0
         *
      ridge_prior_interp:
         0	0
         4	0
         5	128
         6	256
         10	384
         16	512
         19	512
         65535	512
         *
   END
   BAYES_T 1
      qpath_a: 2.1600
      qpath_b: -2.4000
      qpath_c: 0.7350
      rmin: 0.2100
      rmax: 0.4200
      res_para: 0.0100
      res_perp: 0.0060
      std_pos:
         0	393
         54	393
         56	1311
         72	1311
         73	2621
         74	1311
         79	1311
         256	1311
         *
      std_neg:
         0	393
         38	655
         56	655
         60	1311
         72	1311
         74	0
         79	0
         256	0
         *
      ridge_prior: 0
         0	0
         256	0
         *
      ridge_prior: 1
         0	50
         41	500
         51	500
         56	2000
         74	2000
         79	500
         256	500
         *
      ridge_prior_interp:
         0	0
         25	0
         30	1
         60	1
         100	100
         250	256
         65535	256
         *
   END
   bayes_tex_pdf_n: 4
   BAYES_S_T_PDF 0
      w_int:
         -256	64
         -128	255
         192	255
         256	64
         *
      w_r_nrm:
         0	255
         256	255
         *
      w_exp:
         0	255
         65535	255
         *
   tex_embedded_rle:
0 676 16 1 64 1 36 1 0 5 64 1 200 1 120 1 6 1 0 4 36 1 120 1 70 1 3 1 0 5 6 1 
2 1 0 3393
   END
   BAYES_S_T_PDF 1
      w_int:
         -256	0
         -10	10
         0	255
         256	255
         *
      w_r_nrm:
         0	255
         75	255
         78	0
         256	0
         *
      w_exp:
         0	48
         22	32
         25	0
         65535	0
         *
   tex_embedded_rle:
0 884 3 2 1 1 0 3 2 1 24 1 100 1 79 1 12 1 1 1 0 159 4 1 0 7 145 1 0 6 52 1 
241 1 0 6 196 1 255 1 0 5 135 1 245 1 250 1 0 1 6 1 75 1 177 1 248 1 229 1 77 1 1 1 
5 1 82 1 218 1 254 1 251 1 161 1 21 1 0 1 54 1 207 1 254 1 249 1 178 1 46 1 1 1 0 1 
191 1 252 2 162 1 37 1 1 1 0 2 250 1 254 1 193 1 44 1 0 4 250 1 187 1 63 1 3 1 0 4 
212 1 33 1 3 1 0 5 81 1 0 139 7 1 204 1 254 1 134 1 0 4 136 1 255 1 252 1 31 1 0 4 
173 1 249 1 223 1 14 1 0 5 92 1 21 1 0 33 4 1 0 2751
   END
   BAYES_S_T_PDF 2
      w_int:
         -256	255
         256	255
         *
      w_r_nrm:
         0	255
         78	255
         81	0
         256	0
         *
      w_exp:
         0	5
         50	5
         55	0
         65535	0
         *
   tex_embedded_rle:
0 485 64 1 192 1 0 5 64 1 255 2 32 1 0 3 64 1 255 1 64 1 32 1 0 3593
   END
   BAYES_S_T_PDF 3
      w_int:
         -256	255
         128	255
         256	32
         *
      w_r_nrm:
         0	150
         48	150
         58	150
         65	64
         256	64
         *
      w_exp:
         0	12
         10	8
         17	4
         41	4
         65535	0
         *
   tex_embedded_rle:
0 175 2 1 0 6 4 1 67 1 0 5 3 1 59 1 201 1 0 26 2 1 0 5 1 1 37 1 101 1 45 1 
1 1 0 3 37 1 170 1 240 1 176 1 36 1 0 3 176 1 245 1 254 1 245 1 139 1 10 1 0 2 251 1 
254 1 255 1 253 1 190 1 23 1 0 134 6 1 77 1 195 1 250 1 0 4 47 1 206 1 252 1 254 1 0 3 
2 1 103 1 244 1 254 1 255 1 0 3 3 1 125 1 250 1 255 2 0 3 3 1 127 1 250 1 255 2 0 3 
3 1 126 1 250 1 255 2 0 3 3 1 119 1 248 1 255 2 0 3 1 1 98 1 243 1 254 3 255 2 251 1 
160 1 13 1 0 2 255 2 254 1 239 1 90 1 2 1 0 2 255 2 254 1 220 1 49 1 0 3 255 2 253 1 
190 1 23 1 0 3 255 2 252 1 161 1 11 1 0 3 255 2 248 1 121 1 4 1 0 3 255 1 254 1 240 1 
87 1 1 1 0 3 254 1 251 1 201 1 45 1 0 136 54 1 217 1 253 1 248 1 0 4 10 1 109 1 170 1 
136 1 0 5 6 1 13 1 7 1 0 40 227 1 167 1 68 1 4 1 0 4 66 1 18 1 2 1 0 3381
   END
   face_weight: 0.5000
   face_pdf_tex_embedded_rle:
0 479 35 1 0 5 2 1 69 1 196 1 0 5 58 1 220 1 254 1 0 4 66 1 203 1 253 1 255 1 0 3 
22 1 178 1 254 1 255 1 248 1 0 195 90 1 247 1 255 1 252 1 177 1 0 3 77 1 206 1 208 1 161 1 
43 1 0 3 2 1 11 2 6 1 0 2398 8 1 34 1 85 1 0 3 9 1 96 1 178 1 220 1 247 1 0 48 
139 1 149 1 39 1 0 5 253 1 251 1 95 1 0 135 2 1 99 1 239 1 254 1 255 2 0 1 1 1 60 1 
220 1 254 1 255 1 246 1 218 1 12 1 88 1 213 1 253 1 252 1 227 1 123 1 33 1 157 1 238 1 254 1 
241 1 162 1 54 1 5 1 0 1 251 1 255 1 249 1 146 1 14 1 0 3 255 1 226 1 124 1 23 1 0 4 
239 1 113 1 3 1 0 5 146 1 10 1 0 6 253 1 235 1 67 1 0 5 151 1 82 1 8 1 0 5 4 1 
0 175 24 1 0 511
flash_weight: 255
flash_r_nrm: 0.1910
flash_b_nrm: 0.3730
flash_tol: 0.0100
use_local_ccm: FALSE
END

CORRECTION_TUNER
   enable: TRUE
   TABLE 0
      matrix:
         1.506 -0.593 0.088
         -0.245 1.179 0.066
         0.065 -1.099 2.034
      offsets: 0 0 0
   END # table 0
   TABLE 1
      matrix:
         1.562 -0.353 -0.210
         -0.488 1.824 -0.336
         0.044 -0.726 1.682
      offsets: 0 0 0
   END # table 1
   TABLE 2
      matrix:
         1.816 -0.788 -0.028
         -0.276 1.668 -0.392
         0.128 -0.788 1.660
      offsets: 0 0 0
   END # table 2
   TABLE 3
      matrix:
         2.006 -1.043 0.037
         -0.208 1.573 -0.365
         0.087 -0.609 1.522
      offsets: 0 0 0
   END # table 3
   FLASH_TABLE
      matrix:
         2.306 -1.202 -0.103
         -0.199 1.980 -0.781
         0.057 -0.625 1.567
      offsets: 0 0 0
   END
   interp_func:
     0	0
     2800	0
     4000	256
     5000	512
     6500	768
     65535	768
     *
   saturation_func:
     0	248
     1000	248
     1600	243
     2000	218
     65535	218
     *
END

# Backlit_gain: 256

flash_proportion: 0

