cv_r0: 16505 15542 13317 11567 10465 9655 9154 8701 8190 7774 7520 7331 7140 7035 7099 7243 7369 7547 7851 8255 8752 9326 9870 10446 11427 12693 13242 
15923 15015 12919 11265 10218 9430 8907 8444 7952 7552 7298 7109 6928 6829 6881 7012 7140 7324 7624 8020 8507 9070 9620 10210 11175 12404 12936 
14321 13568 11829 10444 9552 8825 8241 7745 7307 6955 6701 6511 6358 6276 6296 6388 6521 6719 7010 7385 7842 8376 8943 9574 10496 11621 12109 
12795 12181 10766 9622 8865 8193 7564 7044 6653 6339 6083 5891 5762 5696 5690 5752 5892 6105 6386 6739 7172 7683 8264 8925 9803 10828 11273 
11988 11428 10137 9078 8354 7703 7088 6577 6196 5886 5622 5425 5301 5243 5237 5300 5455 5682 5955 6291 6721 7235 7814 8467 9309 10276 10696 
11467 10928 9687 8656 7927 7284 6702 6211 5824 5505 5232 5029 4904 4849 4854 4930 5097 5333 5599 5925 6359 6882 7456 8093 8906 9834 10238 
10954 10452 9296 8319 7606 6974 6403 5917 5522 5194 4920 4717 4591 4537 4549 4631 4791 5015 5281 5608 6037 6555 7137 7791 8594 9492 9883 
10520 10057 8993 8077 7384 6761 6192 5700 5292 4954 4684 4485 4358 4303 4322 4407 4543 4741 5010 5350 5769 6271 6872 7564 8372 9251 9633 
10280 9833 8805 7908 7212 6589 6030 5543 5125 4783 4519 4328 4206 4153 4173 4253 4372 4552 4823 5173 5588 6080 6686 7391 8203 9079 9460 
10286 9821 8751 7813 7076 6440 5909 5443 5023 4681 4428 4249 4143 4100 4110 4174 4283 4456 4728 5084 5502 5994 6586 7270 8083 8976 9365 
10340 9859 8754 7785 7021 6375 5856 5401 4982 4642 4398 4229 4134 4096 4099 4153 4258 4429 4702 5060 5482 5975 6552 7211 8025 8941 9339 
10300 9832 8754 7813 7078 6436 5886 5407 4989 4653 4416 4250 4145 4100 4110 4174 4285 4459 4731 5084 5505 5998 6563 7207 8027 8963 9370 
10294 9844 8808 7908 7216 6582 5989 5479 5065 4736 4498 4328 4209 4153 4172 4253 4374 4556 4825 5173 5593 6087 6645 7277 8102 9055 9469 
10455 10008 8978 8082 7390 6755 6155 5647 5253 4934 4676 4485 4361 4305 4324 4407 4534 4724 4998 5348 5775 6277 6836 7465 8285 9230 9641 
10751 10296 9248 8331 7614 6971 6388 5903 5542 5234 4940 4716 4592 4542 4555 4632 4764 4963 5244 5604 6043 6557 7126 7759 8566 9485 9885 
11163 10695 9618 8675 7937 7282 6700 6221 5869 5566 5263 5028 4896 4841 4853 4931 5068 5272 5557 5920 6363 6882 7457 8097 8910 9834 10236 
11593 11129 10061 9117 8362 7689 7090 6593 6219 5908 5636 5423 5271 5194 5210 5300 5444 5652 5934 6289 6724 7236 7810 8458 9299 10269 10690 
12452 11917 10685 9642 8876 8193 7564 7044 6653 6339 6087 5890 5725 5632 5652 5751 5896 6105 6386 6739 7172 7683 8264 8925 9803 10828 11273 
14362 13568 11733 10346 9583 8905 8228 7681 7307 7004 6728 6511 6354 6273 6294 6388 6524 6724 7013 7385 7838 8371 8975 9662 10587 11672 12144 
16432 15339 12809 11028 10271 9604 8876 8304 7959 7670 7356 7109 6968 6908 6928 7014 7135 7324 7625 8020 8498 9059 9689 10405 11374 12517 13013 
17177 15979 13202 11281 10526 9863 9117 8535 8199 7914 7588 7331 7195 7143 7162 7245 7362 7547 7851 8255 8741 9312 9952 10677 11664 12828 13334 
*
cv_gr0: 14607 13669 11498 9887 9037 8389 7893 7494 7165 6901 6693 6543 6448 6409 6430 6501 6613 6769 6962 7208 7540 7961 8519 9199 10027 10954 11356 
14018 13149 11140 9637 8825 8198 7711 7317 6992 6731 6527 6378 6283 6242 6260 6328 6438 6593 6785 7030 7358 7771 8308 8960 9775 10699 11100 
12384 11711 10155 8956 8249 7681 7219 6839 6525 6272 6077 5933 5836 5791 5801 5861 5967 6118 6308 6549 6864 7254 7734 8307 9086 10008 10409 
10872 10371 9213 8282 7672 7158 6720 6352 6050 5806 5618 5479 5379 5328 5332 5386 5488 5637 5826 6063 6367 6736 7164 7668 8407 9311 9703 
10195 9742 8698 7852 7289 6803 6374 6013 5720 5483 5299 5159 5054 4997 4999 5052 5157 5310 5499 5734 6032 6390 6802 7283 7981 8830 9199 
9843 9395 8360 7530 6989 6518 6093 5735 5449 5217 5032 4890 4782 4722 4723 4779 4888 5045 5236 5471 5766 6118 6528 7006 7665 8450 8791 
9452 9034 8069 7281 6744 6276 5856 5500 5212 4976 4785 4641 4540 4489 4494 4551 4659 4815 5010 5251 5547 5899 6305 6774 7413 8169 8497 
9110 8730 7854 7111 6561 6082 5667 5312 5016 4770 4567 4419 4334 4301 4313 4372 4475 4627 4827 5078 5381 5736 6140 6601 7234 7984 8310 
8883 8525 7699 6983 6430 5949 5537 5182 4882 4632 4423 4273 4197 4173 4188 4246 4348 4496 4698 4953 5262 5623 6025 6479 7103 7843 8164 
8781 8424 7603 6894 6352 5878 5466 5112 4817 4570 4362 4211 4135 4112 4123 4178 4279 4427 4624 4874 5190 5563 5962 6404 7014 7738 8052 
8768 8404 7566 6853 6326 5861 5446 5092 4800 4557 4349 4199 4122 4096 4103 4154 4255 4405 4599 4846 5164 5541 5941 6379 6980 7690 7998 
8835 8457 7586 6862 6352 5896 5474 5112 4817 4572 4365 4215 4139 4113 4115 4162 4264 4418 4621 4874 5180 5539 5944 6403 7004 7700 8002 
8976 8580 7668 6926 6430 5981 5551 5181 4882 4634 4426 4276 4201 4175 4173 4217 4321 4480 4693 4954 5245 5579 5992 6477 7085 7777 8077 
9161 8755 7820 7063 6562 6111 5681 5312 5011 4761 4553 4402 4322 4292 4294 4342 4449 4609 4820 5079 5367 5698 6110 6596 7224 7948 8262 
9397 8987 8041 7269 6747 6286 5864 5501 5200 4950 4741 4588 4498 4462 4472 4531 4640 4799 5001 5250 5543 5887 6291 6765 7421 8205 8545 
9690 9278 8328 7543 6994 6515 6090 5727 5428 5181 4979 4829 4734 4692 4701 4762 4871 5027 5225 5470 5768 6120 6530 7008 7691 8517 8876 
9920 9534 8644 7878 7295 6787 6345 5976 5682 5447 5265 5130 5033 4982 4981 5029 5131 5285 5484 5732 6033 6390 6817 7321 8024 8865 9230 
10598 10159 9148 8299 7685 7153 6687 6303 6007 5776 5605 5479 5383 5328 5317 5355 5452 5604 5806 6061 6367 6733 7186 7727 8459 9324 9699 
12413 11719 10113 8916 8282 7745 7244 6829 6506 6254 6071 5938 5844 5793 5783 5822 5922 6077 6284 6546 6865 7252 7746 8343 9132 10055 10456 
14430 13436 11130 9528 8881 8347 7810 7361 7006 6727 6523 6379 6286 6242 6238 6282 6386 6545 6757 7027 7361 7771 8306 8960 9810 10795 11223 
15151 14051 11499 9754 9101 8568 8017 7556 7189 6901 6690 6543 6451 6409 6406 6453 6557 6718 6931 7204 7544 7962 8513 9187 10058 11066 11504 
*
cv_gb0: 14674 13728 11538 9917 9067 8422 7931 7525 7166 6880 6674 6529 6438 6396 6390 6434 6539 6700 6914 7187 7520 7928 8472 9141 9998 10984 11413 
14083 13207 11180 9667 8856 8230 7743 7341 6996 6719 6509 6359 6265 6223 6221 6269 6374 6533 6745 7015 7345 7748 8274 8916 9755 10730 11153 
12441 11762 10193 8987 8283 7710 7231 6841 6537 6285 6063 5897 5797 5755 5764 5824 5929 6082 6289 6551 6873 7261 7735 8300 9091 10039 10450 
10922 10416 9249 8314 7707 7185 6717 6338 6067 5836 5607 5429 5324 5280 5299 5369 5473 5620 5821 6076 6391 6767 7198 7700 8439 9343 9735 
10236 9782 8735 7887 7320 6824 6370 5999 5730 5502 5282 5111 5001 4952 4973 5045 5146 5289 5485 5734 6048 6422 6851 7347 8039 8868 9227 
9876 9429 8397 7563 7013 6533 6095 5730 5450 5217 5012 4852 4741 4687 4706 4777 4875 5014 5206 5453 5767 6144 6585 7093 7745 8494 8819 
9481 9059 8087 7294 6758 6290 5870 5513 5223 4982 4780 4626 4518 4465 4483 4552 4649 4790 4986 5237 5548 5920 6360 6867 7500 8214 8524 
9138 8746 7842 7091 6561 6101 5700 5350 5048 4795 4591 4438 4339 4293 4308 4372 4472 4618 4823 5083 5391 5753 6185 6686 7315 8028 8338 
8930 8553 7685 6956 6429 5973 5579 5231 4921 4662 4455 4304 4213 4175 4186 4246 4347 4497 4707 4972 5277 5632 6055 6545 7169 7883 8193 
8881 8501 7626 6894 6368 5909 5507 5153 4842 4582 4374 4224 4142 4112 4121 4176 4275 4424 4636 4901 5205 5556 5964 6435 7053 7771 8083 
8902 8515 7622 6880 6354 5893 5481 5121 4813 4556 4348 4199 4122 4096 4103 4154 4253 4404 4614 4877 5180 5529 5930 6389 7002 7720 8032 
8942 8548 7641 6891 6368 5907 5493 5135 4833 4583 4380 4233 4151 4119 4124 4176 4282 4439 4646 4901 5202 5553 5964 6437 7043 7739 8041 
9035 8634 7710 6950 6428 5969 5555 5200 4906 4663 4466 4320 4229 4189 4192 4246 4360 4525 4726 4972 5273 5629 6056 6548 7152 7828 8122 
9200 8793 7855 7086 6559 6099 5686 5332 5039 4797 4599 4451 4358 4314 4317 4372 4487 4652 4850 5093 5399 5764 6194 6688 7305 8002 8305 
9434 9021 8070 7290 6756 6292 5880 5527 5230 4983 4780 4628 4536 4494 4498 4552 4662 4822 5018 5264 5579 5956 6382 6865 7507 8257 8583 
9751 9335 8376 7580 7018 6536 6122 5766 5463 5212 5007 4855 4762 4719 4723 4777 4886 5044 5239 5483 5806 6196 6621 7100 7773 8580 8930 
10036 9646 8748 7962 7343 6820 6402 6043 5730 5472 5274 5129 5031 4984 4987 5042 5156 5319 5508 5745 6075 6477 6904 7382 8089 8955 9330 
10778 10329 9295 8410 7740 7185 6750 6382 6063 5804 5607 5462 5362 5312 5314 5369 5486 5652 5840 6076 6411 6824 7265 7762 8515 9447 9851 
12660 11935 10257 8995 8305 7744 7263 6870 6562 6311 6097 5938 5839 5793 5793 5844 5956 6120 6318 6568 6907 7326 7809 8374 9205 10223 10664 
14739 13689 11254 9557 8859 8303 7771 7350 7058 6817 6583 6404 6309 6269 6266 6313 6418 6579 6788 7057 7399 7822 8351 8995 9906 11005 11483 
15484 14319 11617 9766 9064 8509 7958 7527 7241 7003 6762 6577 6483 6445 6441 6486 6589 6749 6962 7237 7581 8005 8551 9222 10162 11293 11783 
*
cv_b0: 15141 14087 11644 9903 9112 8486 7927 7471 7114 6831 6607 6446 6357 6313 6282 6300 6407 6580 6794 7068 7417 7855 8438 9158 10101 11198 11675 
14502 13529 11275 9651 8885 8274 7732 7290 6946 6669 6444 6281 6189 6146 6123 6151 6259 6429 6640 6907 7248 7672 8229 8913 9824 10893 11357 
12733 11988 10263 8970 8270 7700 7204 6800 6491 6235 6006 5834 5734 5691 5694 5749 5861 6023 6224 6474 6790 7176 7658 8241 9064 10056 10486 
11077 10533 9277 8281 7649 7122 6673 6306 6026 5787 5558 5381 5275 5232 5258 5337 5450 5605 5797 6033 6325 6676 7093 7589 8330 9244 9641 
10263 9788 8692 7806 7218 6726 6315 5972 5696 5459 5241 5072 4964 4919 4953 5040 5152 5302 5491 5723 6001 6331 6729 7206 7912 8780 9157 
9799 9340 8278 7429 6876 6416 6032 5704 5422 5183 4977 4819 4713 4668 4702 4789 4898 5044 5236 5470 5740 6058 6455 6935 7621 8452 8812 
9401 8961 7945 7137 6624 6187 5806 5477 5195 4956 4751 4595 4493 4451 4484 4567 4670 4813 5014 5262 5538 5856 6243 6703 7352 8133 8472 
9135 8705 7712 6934 6460 6040 5641 5298 5017 4778 4566 4405 4312 4277 4303 4377 4473 4614 4831 5103 5396 5723 6097 6526 7131 7857 8172 
8959 8537 7561 6801 6343 5929 5520 5168 4884 4644 4431 4274 4190 4161 4181 4245 4339 4480 4704 4986 5284 5612 5978 6394 6978 7678 7982 
8878 8461 7499 6741 6271 5849 5441 5087 4792 4547 4347 4204 4131 4108 4121 4177 4273 4418 4638 4912 5197 5512 5878 6302 6898 7612 7923 
8861 8449 7498 6738 6251 5818 5413 5059 4757 4510 4318 4184 4116 4096 4104 4154 4253 4404 4618 4881 5155 5460 5829 6266 6875 7604 7921 
8874 8471 7541 6788 6288 5847 5442 5090 4794 4547 4347 4204 4131 4106 4112 4163 4265 4418 4631 4892 5167 5476 5854 6301 6906 7620 7930 
8952 8554 7637 6886 6374 5925 5519 5171 4886 4644 4431 4274 4190 4159 4165 4217 4323 4480 4690 4947 5229 5548 5935 6389 6989 7687 7990 
9136 8726 7779 7008 6488 6034 5627 5283 5012 4781 4567 4406 4320 4286 4287 4338 4451 4616 4813 5052 5336 5668 6052 6497 7104 7821 8132 
9417 8980 7970 7161 6636 6181 5770 5431 5178 4962 4754 4595 4512 4478 4473 4519 4643 4817 4995 5205 5491 5837 6211 6635 7258 8020 8350 
9770 9316 8267 7427 6881 6408 5982 5636 5388 5179 4976 4820 4734 4698 4697 4746 4869 5038 5205 5404 5697 6059 6437 6861 7511 8320 8670 
10074 9641 8643 7814 7229 6717 6257 5889 5635 5426 5227 5073 4976 4934 4953 5020 5122 5262 5429 5642 5949 6328 6726 7171 7856 8710 9080 
10837 10348 9220 8296 7663 7113 6619 6224 5948 5727 5532 5382 5279 5232 5262 5338 5424 5544 5718 5950 6271 6668 7099 7590 8330 9244 9641 
12759 12007 10268 8969 8273 7695 7174 6748 6419 6163 5973 5835 5737 5689 5697 5754 5845 5983 6173 6424 6757 7171 7662 8245 9084 10103 10545 
14877 13818 11364 9630 8873 8274 7732 7276 6888 6592 6406 6282 6194 6145 6124 6152 6256 6423 6632 6899 7243 7671 8226 8907 9850 10977 11466 
15637 14469 11762 9874 9095 8488 7937 7470 7061 6750 6567 6448 6362 6313 6282 6300 6409 6584 6800 7074 7421 7855 8433 9150 10131 11297 11803 
*
